 -1.4352847e-001
 -4.7473986e-001
 -2.9194871e-001
 -2.4320882e-001
 -3.8464382e-001
 -1.7715024e-001
 -4.8317601e-002
  6.8037918e-002
  2.4773352e-001
  2.4129059e-001
  1.4500908e-001
  2.0164414e-001
 -6.0973981e-006
  1.3034766e-001
 -1.8334916e-001
 -1.0122253e-001
  3.5935062e-002
 -6.7612754e-002
 -6.0120892e-002
 -1.0375668e-001
 -2.8941636e-002
 -2.7352348e-001
 -1.3275872e-001
 -7.9380548e-002
 -2.9928496e-001
 -7.0902719e-002
  9.8094554e-002
  7.3117450e-003
  1.1501292e-001
  2.3180739e-001
  1.9173630e-002
  4.5374479e-002
 -7.1436274e-002
 -2.0043559e-001
 -1.8599287e-001
 -2.3247838e-001
 -8.9672802e-002
 -2.1442870e-001
 -9.3207780e-003
  5.0634028e-002
 -3.6997504e-002
  1.3120512e-001
 -9.3019583e-002
  8.9560456e-002
 -1.4125010e-001
  1.5848189e-002
  4.5495977e-002
  1.5356818e-002
 -7.3814825e-002
  1.2753324e-001
 -2.8097803e-002
 -3.1727635e-003
 -1.5436648e-001
 -6.3015531e-002
 -1.1045648e-001
 -1.4251190e-001
  2.9042334e-002
 -4.7698600e-002
  1.0092864e-001
  1.3576479e-001
  1.1724425e-001
  4.2549579e-002
  1.8831452e-001
 -1.0250501e-001
  5.0174590e-002
  2.4613754e-003
 -4.2539397e-002
  5.9428231e-003
  9.5287390e-003
  8.1507427e-002
  6.4440185e-002
 -5.3337132e-003
  3.5244163e-002
  8.0344536e-002
 -4.4231201e-002
  5.5913144e-002
  3.8157664e-002
  4.1462742e-002
  1.8703788e-001
  3.4397514e-002
  1.2689644e-001
  9.0556613e-002
  1.2088908e-001
 -3.7414939e-002
  8.1743264e-002
  1.0853074e-001
  2.9238434e-002
  1.0514922e-001
  2.7114208e-001
  9.6331405e-002
  1.4871564e-001
  1.6101104e-001
  1.1159771e-001
  8.1849515e-002
  1.1607471e-001
  4.8330358e-003
  1.0767729e-001
 -2.2207216e-001
 -4.5734129e-001
 -2.6654967e-001
 -2.3158375e-001
 -3.4294703e-001
 -8.3656866e-002
 -1.1607336e-001
  1.7009387e-001
  2.8321991e-001
  2.6283193e-001
  1.2424599e-001
  1.6929216e-001
  1.9567630e-001
 -6.1260323e-002
 -1.9038839e-001
  4.7031432e-002
 -5.8777035e-002
 -1.3903211e-001
  3.0438729e-002
 -6.6274430e-002
 -1.5084869e-001
 -1.2822248e-001
 -7.8930762e-002
 -1.8968813e-001
 -6.8866904e-002
 -1.3809673e-001
  5.6379047e-002
  1.7389128e-001
  1.0840524e-001
  4.5353387e-002
  2.0009821e-001
  9.3809209e-003
 -2.0078344e-001
 -1.2712069e-001
 -1.7106191e-001
 -2.8750541e-001
 -5.2745335e-002
 -1.6073024e-001
 -2.2391530e-003
  9.2071590e-002
  5.3807798e-002
  1.9505528e-002
  8.8918245e-002
  4.8073731e-003
 -9.5748311e-002
 -2.2088101e-002
  8.4633483e-002
 -5.6570203e-002
 -2.4175721e-002
  3.9932031e-002
  8.3083666e-002
 -1.0230784e-001
 -1.1793243e-001
 -2.9711773e-002
 -1.1097257e-001
 -8.9315110e-002
 -7.4778375e-002
  1.0877962e-001
  6.8769125e-002
  4.1406819e-002
  2.2172333e-001
  7.7990503e-002
  4.0708808e-003
  9.8710581e-002
 -9.3422046e-002
  2.4012213e-002
 -5.6016222e-002
 -1.5231240e-002
  3.1130669e-002
  1.2449966e-001
 -2.7091830e-003
  7.3529393e-002
  5.8824970e-002
  3.2001910e-002
 -7.4713662e-002
  9.7627887e-002
  6.1149591e-003
  2.1840081e-002
  7.5631597e-002
  1.8782452e-001
  7.1179720e-003
  5.5164843e-002
  1.0634693e-001
  7.6487266e-002
  8.6334287e-003
 -1.5622829e-002
  2.4819081e-001
  2.9855596e-002
  7.9608007e-002
  2.6081376e-001
  1.5601977e-001
  6.6982765e-002
  1.6604351e-001
  1.6904821e-001
  1.1370686e-002
  1.6979787e-001
 -1.0941034e-001
 -2.2041436e-001
 -3.9337771e-001
 -3.7753603e-001
 -2.7816660e-001
 -1.6241693e-001
 -3.1221462e-001
  9.5958763e-002
  1.4118480e-001
  3.0729903e-001
  1.2978348e-001
  2.4112145e-001
  5.6361072e-002
  1.0732434e-001
 -2.3301525e-002
 -2.1508129e-001
  5.2403449e-003
 -3.2489053e-002
 -9.8099529e-002
 -4.5590972e-002
 -2.2040358e-003
 -2.4780478e-001
 -1.6422733e-001
 -3.8005094e-002
 -3.1382939e-001
 -1.0960255e-001
 -2.0650676e-002
  1.6323382e-002
  1.0835063e-001
  2.1470611e-001
  1.0452346e-002
  1.4379027e-001
 -7.4353067e-002
 -1.0839195e-001
 -2.6123875e-001
 -1.4986770e-001
 -2.6225695e-001
 -1.3714423e-001
 -2.2872788e-002
 -6.4357050e-002
  1.8805258e-002
  1.5266941e-001
 -8.0141982e-003
 -5.4263735e-002
  3.3831683e-002
 -5.2933664e-002
 -1.2928086e-001
  8.5188537e-002
  2.7004394e-002
 -8.5899549e-002
  4.6637166e-002
  1.1376878e-001
 -1.3060385e-001
 -7.7893594e-002
 -1.4132265e-001
  3.8652651e-002
 -2.5532214e-001
  8.2168852e-002
  3.2162488e-002
  6.3090049e-002
  1.7860898e-001
  5.7474881e-002
  1.1845788e-001
  4.0353292e-002
 -3.9834766e-002
 -3.9203505e-002
  1.7666511e-002
 -2.6756536e-002
 -7.1309605e-002
  1.6934040e-001
  3.9438603e-003
  9.1455683e-002
  5.8839555e-002
 -1.9330530e-002
  3.9900154e-002
  3.6773065e-002
 -4.2324848e-002
  2.8914130e-002
  1.2872950e-001
 -1.2042592e-004
  1.3199551e-001
  9.3301339e-002
  6.5959367e-002
  6.8850728e-002
  8.8063276e-002
  6.0621544e-002
 -1.7028378e-003
  1.6938688e-001
  1.2805841e-001
  8.1082335e-002
  2.2569851e-001
  1.4731659e-001
  1.1577421e-001
  9.8205301e-002
  1.6440478e-001
  4.9409301e-002
  2.1741527e-002
 -3.0905985e-001
 -4.5815795e-001
 -1.7325368e-001
 -3.1765039e-001
 -3.6105499e-001
  2.1953900e-002
  3.0045033e-002
  6.6174030e-002
  3.3909359e-001
  3.4108361e-001
  1.1054424e-002
  1.4340360e-001
  1.3060596e-001
 -1.1721574e-001
 -4.0035209e-002
 -1.5071634e-001
  3.0781254e-002
  2.4204025e-003
 -4.3991851e-002
 -8.8874613e-002
 -1.7167440e-001
  6.4986950e-004
 -3.0649911e-001
 -1.2822545e-001
 -5.2849847e-002
 -1.1623219e-001
  7.9050324e-002
  1.9528573e-001
  1.5882314e-001
  1.1013665e-001
  1.4709641e-001
 -5.4131071e-002
 -1.2783970e-001
 -1.6157956e-001
 -2.3025353e-001
 -2.6231908e-001
 -1.4309874e-001
 -3.8144481e-003
 -1.1387439e-001
  1.1444486e-001
  8.4539558e-002
  4.1997082e-002
  6.2177544e-002
 -5.4724157e-002
 -6.5977131e-002
  9.4257513e-002
 -1.2643468e-001
  7.9203839e-002
 -2.3128272e-003
  3.7739687e-003
  6.7098339e-002
 -6.0275923e-002
 -8.3654906e-002
 -6.7863018e-002
 -1.0165678e-001
 -9.9233545e-002
 -3.4215354e-004
  7.1029832e-002
  2.6527881e-002
  1.8558101e-001
  5.1058952e-002
  1.7131602e-001
  3.5869771e-002
 -5.6531629e-002
  5.5391125e-002
 -3.7050670e-002
 -4.3386118e-002
  7.9244067e-002
 -9.8943905e-002
  2.3625976e-001
  2.3924742e-002
 -2.7412015e-002
  1.3632227e-001
 -4.9070552e-002
  1.9715918e-002
 -5.9072328e-002
  9.0957995e-002
  2.4305744e-002
  7.6287875e-002
  8.7896415e-002
  1.6554269e-001
  4.1272603e-002
  1.3389410e-001
  2.1714369e-002
  1.3834476e-001
  2.6460115e-002
  5.6644028e-002
  6.8574977e-002
  1.2194101e-001
  1.1989705e-001
  1.0676873e-001
  1.7088417e-001
  6.1551140e-002
  1.1674596e-001
  1.8960596e-001
 -5.0612217e-002
 -9.9775389e-002
 -2.9438979e-001
 -4.0550292e-001
 -3.3415065e-001
 -1.7247267e-001
 -2.3035223e-001
 -1.1988889e-002
  8.3513312e-003
  2.7874010e-001
  2.9382324e-001
  1.0371652e-001
  6.6591863e-002
  1.6952090e-001
 -4.5540363e-002
 -1.0971456e-001
 -1.1648780e-001
  2.4738854e-002
 -3.0862393e-002
 -7.2095190e-002
  8.4567703e-002
 -9.9556202e-002
 -1.7513511e-001
 -8.7316461e-002
 -2.2941698e-001
 -1.2451749e-001
 -1.2946064e-001
  9.4675075e-003
 -4.7879056e-002
  2.7798048e-001
  1.6388363e-001
 -7.9105835e-002
  1.3223761e-001
  3.8970174e-002
 -2.4730365e-001
 -2.4218314e-001
 -1.2282058e-001
 -1.8585969e-001
 -2.6640164e-001
  9.7758702e-002
 -5.4106040e-002
  1.7299474e-002
  1.0179470e-001
 -2.6807048e-002
  6.8427126e-002
 -1.0248863e-001
 -4.6518993e-002
 -3.2588041e-002
  2.6557710e-002
  1.9753415e-002
 -9.3064838e-002
  1.5752153e-001
 -9.4689413e-002
  3.9924055e-002
 -1.7379217e-001
 -4.8763257e-002
 -1.0551587e-001
 -7.9734757e-002
 -4.4134662e-002
  1.2673972e-001
  2.8726088e-002
  1.0412275e-001
  1.4153848e-001
  6.0160063e-002
  1.1180064e-002
 -3.0881333e-002
  4.5090845e-003
 -1.7891541e-002
 -3.9737218e-002
  4.3500656e-002
 -1.0598794e-002
  1.4078987e-001
 -1.0010444e-003
  4.4170328e-003
  7.9106943e-002
 -4.9113383e-002
  5.9133906e-002
 -2.3888088e-002
  2.3630783e-002
  1.1569628e-001
 -8.2826063e-004
  1.0637266e-001
  1.4231605e-001
  6.6635429e-002
  3.3260665e-002
  4.8250155e-002
  1.2002579e-001
  2.8137438e-002
  3.4152122e-003
  6.0089703e-002
  2.1268484e-001
 -1.4523098e-001
  1.6646508e-001
  3.1861921e-003
  2.3576577e-001
 -1.4810281e-002
  2.4531852e-001
  1.4210345e-001
 -2.0506091e-001
 -3.0047376e-001
 -3.3853353e-001
 -2.7559371e-001
 -2.9688240e-001
 -1.7948016e-001
 -1.7498582e-001
  1.9189931e-001
  2.2173593e-001
  1.3369322e-001
  2.4729079e-001
  1.2010069e-001
  6.6695142e-002
 -5.2422156e-002
 -5.3443715e-002
 -8.0109981e-002
 -1.1055679e-002
 -9.3863698e-002
  1.6476502e-001
 -5.6455120e-002
 -8.5250717e-002
 -7.9678207e-002
 -9.0769879e-002
 -2.3861441e-001
 -1.5157066e-001
 -1.4645575e-001
 -7.5871453e-002
  8.4600381e-002
  1.1011783e-001
  1.7851570e-001
  8.5712879e-002
  1.1121303e-001
 -8.2355170e-002
 -6.6064632e-002
 -2.3034722e-001
 -2.2896678e-001
 -1.7442343e-001
 -1.1153156e-001
 -7.0087351e-002
  9.5523747e-002
 -1.0482651e-002
  1.1205876e-001
  7.2758071e-002
 -4.6392227e-002
 -6.3938752e-002
 -1.1915263e-002
 -4.2392247e-002
 -1.9313654e-002
  2.1746471e-002
  6.0612586e-002
  8.4996417e-002
 -6.6974329e-002
  7.8099256e-002
 -6.8456297e-002
 -1.4468229e-001
 -8.9358762e-002
  1.0382241e-002
 -7.5590686e-003
 -3.5874924e-003
  1.5182249e-001
  1.5926482e-001
  4.9684458e-002
  1.5357693e-001
 -4.7736606e-002
  8.3466353e-002
 -4.6842785e-002
 -8.2323412e-002
  1.2477030e-001
 -2.5324990e-002
  5.7110968e-002
  1.6383898e-001
  1.1979980e-002
  1.1079510e-001
  2.5220293e-002
 -2.4206641e-002
  3.0011524e-002
 -7.0783660e-003
  1.0685230e-001
 -1.7348160e-002
  2.1834648e-001
  1.0971887e-001
  1.4753275e-001
  8.1684264e-002
  7.7623628e-002
  1.4912608e-001
 -6.8494786e-002
  1.8623474e-001
  6.8390544e-002
  1.4270561e-001
  1.6864749e-001
  8.7813064e-002
  2.4286982e-001
  1.6324809e-001
  6.8768081e-002
  1.8794047e-001
  9.1500091e-002
 -4.2666044e-001
 -2.8329354e-001
 -3.7439170e-001
 -2.4710942e-001
 -2.5304468e-001
 -1.7638020e-001
  8.0950988e-002
  1.6975299e-001
  3.1560968e-001
  1.9285793e-001
  2.2037865e-001
  5.6591936e-002
 -2.6364743e-003
  4.4782672e-002
 -1.3200875e-001
 -1.3859840e-001
  7.6704774e-002
 -8.9319840e-002
  9.4022245e-002
 -1.3625799e-001
 -7.7733883e-002
 -2.0195030e-001
 -1.8286043e-001
 -1.1164506e-001
 -2.2608457e-001
 -3.6467573e-002
  1.2611152e-001
  6.7072373e-002
  2.3634842e-001
  2.4526600e-001
  8.5902217e-003
 -2.0551008e-002
 -5.7187856e-003
 -2.7411904e-001
 -3.1429749e-001
 -2.0166147e-001
 -1.8723984e-001
 -2.0131627e-001
  6.2234323e-002
  4.3056760e-002
 -4.5913902e-002
  1.9221544e-001
  9.6721125e-003
 -6.7372175e-002
  1.8311309e-002
  4.9013178e-003
 -1.0020547e-001
  4.0436355e-002
  2.9493778e-002
 -4.5699401e-002
  1.7755812e-002
 -5.9732938e-002
 -3.2261734e-002
 -1.4133754e-001
 -1.5681887e-001
 -3.3738971e-002
 -7.0597715e-002
  3.9692294e-002
  4.1915838e-002
  1.6764506e-001
  5.5231348e-002
  1.5753733e-001
  5.8957339e-002
 -2.2598861e-002
 -1.8307819e-002
  1.2311935e-002
 -1.2788934e-001
  5.8184283e-002
 -3.1933165e-003
  4.9056289e-002
  6.6217101e-002
  3.5206731e-002
  6.8905980e-002
 -4.2072390e-002
 -2.8250627e-002
  4.1123877e-002
  5.6978860e-003
  3.6902675e-002
  1.1947855e-001
  4.7259853e-002
  1.3134511e-001
  1.5915785e-001
 -5.6796073e-002
  1.3361025e-001
 -2.4473611e-002
  7.4880242e-002
 -3.1539546e-002
  1.6934713e-001
  9.9649026e-002
  1.3324463e-001
  2.0114278e-001
  1.1437484e-001
  1.8320245e-001
  5.5770131e-002
  1.1539038e-001
  1.4729762e-001
 -1.0315735e-001
 -3.3790558e-001
 -3.2893608e-001
 -3.7895342e-001
 -2.1836589e-001
 -1.8310661e-001
 -2.5855259e-001
  1.2967226e-001
  1.7006864e-001
  3.0825114e-001
  1.2974136e-001
  2.1808112e-001
  9.1589770e-002
 -2.6236348e-002
  3.0946414e-002
 -8.8192272e-002
 -1.3609003e-001
  4.6881532e-003
  8.3432266e-003
 -7.3793380e-002
 -4.5843681e-002
 -1.3994331e-001
 -2.6476216e-001
 -8.5375937e-002
 -1.4576026e-001
 -1.6810589e-001
 -9.9083445e-002
  2.0312476e-001
  1.3389874e-001
  1.2559240e-001
  3.0939987e-001
 -5.9403699e-002
  1.2947677e-001
 -2.0980265e-001
 -2.1253768e-001
 -1.9371820e-001
 -3.2118565e-001
 -2.6977460e-001
  2.6921770e-002
 -1.2755970e-001
  1.0003822e-001
  3.6101838e-003
  1.1812944e-001
  9.9817038e-002
 -9.5406342e-002
  1.2579298e-002
  4.8931484e-002
 -1.2805053e-001
  5.9960530e-002
  4.2840787e-002
 -6.9931037e-002
  1.6882146e-002
  5.8981257e-003
 -8.4195224e-002
 -1.6374900e-001
 -6.0838811e-002
 -7.8669818e-003
 -1.9123418e-001
  1.6897922e-001
  9.8257049e-002
  1.8927993e-002
  1.6578800e-001
  1.7483610e-001
 -1.3295189e-002
  2.3645067e-002
 -8.2935703e-003
 -4.7180713e-002
  4.1355833e-003
 -2.6402995e-002
  7.4735397e-002
  6.3601533e-002
  4.2382672e-002
  1.1887106e-001
  3.3201539e-002
 -1.6770334e-002
  1.1647966e-002
  5.2240018e-002
 -2.5190697e-002
  1.1959001e-001
 -2.9863043e-002
  2.2929522e-001
  1.0560980e-001
  2.5350471e-002
  1.6619257e-001
  6.9016277e-002
 -5.8884680e-002
  9.8490150e-002
  8.7313337e-002
  1.1623312e-001
  6.9890541e-002
  1.6857468e-001
  2.7413330e-001
  7.7703478e-003
  2.2879471e-001
  1.5643835e-001
  5.8941548e-002
  1.9127289e-001
 -4.2368680e-002
 -3.5472619e-001
 -3.7845275e-001
 -2.4380042e-001
 -3.1769696e-001
 -2.2402673e-001
 -4.9337329e-002
 -3.7188233e-002
  1.9549570e-001
  3.8720043e-001
  1.9068906e-001
  1.7668856e-001
 -2.1424217e-002
  2.0397940e-001
 -7.6566194e-002
 -1.4938422e-001
 -1.2105875e-002
 -1.7765273e-002
 -5.6579086e-002
  4.8693573e-002
 -5.1820586e-002
 -1.9056439e-001
 -1.0388684e-001
 -2.4728598e-001
 -2.3961119e-002
 -2.4430519e-001
  1.1551542e-002
  6.0156826e-002
  2.3737372e-001
  1.6429638e-001
  2.5573429e-001
  1.6870212e-003
  1.3883880e-001
 -2.4771308e-001
 -1.0544540e-001
 -2.8993310e-001
 -3.3153985e-001
 -1.7061651e-001
 -1.3188703e-001
  2.3774896e-002
 -5.6838395e-002
  1.3419141e-001
  5.6127111e-002
  7.4513116e-002
 -5.2744846e-003
 -1.1748221e-002
 -2.3492265e-002
  1.0611279e-002
 -3.5087815e-002
  2.8013935e-003
  6.3985198e-002
 -9.7722109e-002
 -2.9422454e-002
 -2.8158285e-002
 -1.4129658e-001
 -1.3228917e-001
 -9.4524430e-002
 -8.0500790e-003
  7.5789315e-002
 -4.0885078e-002
  1.9385516e-001
  1.7927986e-001
 -5.4360025e-002
  1.5787852e-001
  3.0375024e-002
 -1.2636141e-001
 -7.4479746e-003
 -2.5247185e-002
  5.2602115e-002
 -1.2312491e-001
  2.2460798e-001
 -1.0829283e-001
  1.7417855e-001
 -5.4134006e-002
  2.8484361e-002
  7.5665925e-003
  9.0585294e-003
  4.1204244e-002
  7.6847708e-003
  1.2030810e-001
  8.8707683e-002
  4.0846473e-002
  8.2722985e-002
  9.0144304e-002
  2.3700848e-002
 -3.2954290e-002
  7.9567034e-002
  1.1425530e-001
  2.0351621e-002
  4.7295309e-002
  3.3174376e-001
 -2.5849286e-002
  2.0642419e-001
  1.1619385e-001
  1.4928682e-001
  2.3277901e-002
  1.9283478e-001
 -3.0640896e-002
 -2.9998944e-001
 -3.5314694e-001
 -3.0083683e-001
 -3.6865186e-001
 -1.4552490e-001
 -1.6367689e-001
 -1.2449393e-001
  2.1987002e-001
  3.3193623e-001
  1.8492097e-001
  1.7086065e-001
  6.7552322e-002
  1.1837193e-001
 -5.8042503e-002
 -7.9123131e-002
 -1.0708478e-001
 -6.3802195e-002
 -2.3981382e-002
 -4.4658816e-002
 -4.6139485e-002
 -9.9907325e-002
 -2.5106627e-001
 -9.3755288e-002
 -1.6925356e-001
 -9.9828802e-002
 -1.4891917e-001
  1.1437416e-001
  1.6448801e-001
  1.1411961e-001
  3.0554714e-001
  5.3260567e-002
  1.3099551e-002
 -1.0736950e-001
 -2.9150712e-002
 -4.7602796e-001
 -2.1069208e-001
 -2.0715394e-001
 -1.7459739e-001
 -8.0782447e-002
  4.4186636e-002
  1.0725588e-001
  4.0171802e-002
  4.8339594e-002
  1.3244749e-001
 -8.0982695e-002
 -3.7797560e-002
 -5.7738122e-003
 -1.1403535e-002
 -7.5933649e-003
 -3.7148080e-002
 -2.6418651e-002
  3.4076457e-002
 -1.6830792e-001
  7.6864724e-003
 -1.7280979e-001
 -6.7223977e-002
 -5.6414030e-002
  6.1980992e-002
  2.9391557e-002
  1.0277554e-001
  1.7312166e-001
  2.9626759e-002
  1.4786233e-001
 -3.8272778e-002
 -3.8231030e-002
 -3.8369824e-002
 -3.5318096e-002
 -7.3613939e-002
  7.6590817e-002
  7.1256277e-002
  1.9075342e-002
  1.1622997e-001
  9.2786322e-002
 -2.1306374e-002
  2.5834161e-003
 -1.5629448e-002
  6.7922996e-002
 -4.5215439e-002
  1.0217511e-001
  7.7560278e-002
  9.7325286e-002
  1.0427265e-001
  9.2357775e-002
  5.3603902e-002
  3.0045496e-002
  8.7643137e-002
  5.3323094e-003
  1.0515920e-001
  1.1982635e-001
  1.7943978e-001
  1.0435096e-001
  1.6053184e-001
  2.4909171e-001
  4.4899909e-002
  9.5657949e-002
  2.0274291e-001
  1.0739336e-001
 -4.6935870e-001
 -2.6359405e-001
 -3.1862077e-001
 -2.5531836e-001
 -3.1020495e-001
 -1.0153159e-001
  6.7485106e-002
  2.4725552e-002
  3.5007915e-001
  3.8641584e-001
  3.3287316e-002
  1.1447595e-001
  7.0334168e-002
  6.8452780e-002
 -1.5585176e-001
 -7.4288332e-002
 -4.4093694e-002
 -3.0859254e-002
  4.2845917e-002
 -8.9317476e-002
 -1.3281478e-001
 -9.2700031e-002
 -2.5823877e-001
 -9.8088057e-002
 -8.7972374e-002
 -1.0725251e-001
  1.7335796e-002
  2.4349130e-001
  2.1164845e-001
  2.5361353e-001
  6.9971567e-003
  1.9837187e-001
 -1.6191928e-001
 -2.3753574e-001
 -1.0031252e-001
 -3.9985026e-001
 -2.2872673e-001
 -9.0059605e-002
 -9.1366861e-003
 -4.6136111e-002
  1.3866455e-001
  4.1450317e-002
  9.7763700e-002
 -6.5213565e-003
  6.1557710e-002
 -6.7210752e-002
 -1.4878706e-002
  2.5521236e-002
  8.6036850e-002
 -1.1231380e-001
  6.6600790e-002
 -5.2581551e-002
 -6.6217493e-002
 -1.1470960e-001
 -1.0040662e-001
  1.4071316e-002
 -2.3694017e-001
  2.1486142e-001
  5.2005555e-002
  2.7588505e-002
  1.2308956e-001
  1.7799460e-001
  1.3175641e-002
 -3.0903200e-002
  8.3976114e-002
 -8.0075642e-002
 -9.5725982e-002
  5.3052472e-002
  3.7053741e-002
 -1.6682522e-002
  4.5881980e-002
  1.8534696e-001
 -1.0301972e-001
  1.1839232e-001
  4.0524185e-003
 -5.8444392e-002
  6.2534341e-002
  5.7078363e-002
  3.5289879e-002
  8.8816954e-002
  8.0056520e-002
  1.4024621e-001
  3.1252555e-002
  2.9629571e-002
  5.9539558e-002
  7.5650123e-002
 -9.6031617e-002
  2.4133626e-001
  5.5324043e-002
  6.1205551e-002
  2.0579811e-001
  9.8147943e-002
  1.3016273e-001
  1.2275020e-001
  8.1686046e-002
  5.5080694e-002
  2.7796308e-001
 -3.2487947e-001
 -3.5431467e-001
 -2.1814196e-001
 -4.2071954e-001
 -1.6770363e-001
 -1.9937038e-001
 -1.4276516e-001
  2.1163521e-001
  1.0597485e-001
  3.4355969e-001
  3.4262789e-001
 -1.4726532e-001
  2.2256095e-001
 -3.2112088e-002
 -3.9315866e-002
 -1.6099885e-001
 -6.1876988e-002
 -8.1239274e-002
  1.8697063e-002
 -1.1069115e-002
 -1.2726573e-001
 -1.6185707e-001
 -1.2667341e-001
 -1.4304454e-001
 -2.3654708e-001
 -4.9929679e-003
 -3.6097359e-002
  1.1165189e-002
  2.8308544e-001
  1.9108385e-001
  1.2676060e-001
  1.8878893e-002
 -3.3211423e-002
 -1.4254318e-001
 -2.6663341e-001
 -3.0894606e-001
 -1.5160436e-001
 -2.2933884e-001
 -8.7901653e-002
  1.3576023e-001
 -4.7410962e-002
  7.2108322e-002
  5.8052101e-002
  5.0164704e-002
 -3.5027489e-002
 -8.4257387e-002
  1.3938499e-002
 -3.2127181e-002
  3.1710854e-002
 -4.5833054e-002
  6.1476288e-002
 -2.1997632e-002
 -1.4947587e-001
  3.6830945e-002
 -1.6775438e-001
 -1.1279591e-001
 -1.2779290e-002
 -9.5388080e-002
  1.2375758e-001
  1.2028294e-001
  4.5321662e-002
  6.4880894e-003
  2.9574788e-001
 -1.1696735e-001
 -1.1584423e-001
  1.3026686e-001
 -9.3249353e-002
 -1.1152423e-001
  1.4524475e-001
  7.5892380e-003
  1.2278112e-001
 -2.2897134e-002
  1.1666948e-001
  3.8364256e-002
 -3.9089191e-002
 -4.4308214e-002
  5.4330292e-002
  1.5358420e-002
  1.9765843e-002
  1.4575622e-001
  4.9927713e-002
  6.9196781e-002
  1.5026843e-001
  4.9471025e-002
 -8.5043324e-002
  1.4210790e-001
  6.6959778e-002
 -8.3317825e-003
  1.4823437e-001
  1.9971608e-001
  3.5278806e-002
  1.7943437e-001
  9.3283213e-002
  2.1729367e-001
 -2.6822583e-002
  1.6343009e-001
  1.4252113e-001
 -1.5188957e-001
 -4.4785582e-001
 -2.6439442e-001
 -3.1689154e-001
 -2.1250232e-001
 -2.3726398e-001
 -2.8991291e-002
  5.8830948e-002
  2.7133566e-001
  3.2464982e-001
  2.3205973e-001
  7.1640337e-002
  7.9318822e-002
  6.7283655e-002
 -9.3700363e-002
 -2.9842649e-002
 -2.0488793e-001
  3.7186231e-002
  4.1681086e-002
 -7.3076378e-002
 -8.8737166e-002
 -4.7574383e-002
 -2.5380002e-001
 -1.5768260e-001
 -9.3687835e-002
 -5.6601299e-002
 -1.1215214e-001
  1.1219981e-001
  3.5595476e-001
  8.7526735e-002
  1.9806672e-001
  1.1105300e-001
 -1.2844441e-001
 -1.2966621e-001
 -1.8269607e-001
 -3.2678666e-001
 -2.0129541e-001
 -1.5490790e-001
 -4.4951897e-002
  6.4751034e-002
  6.4612407e-002
  6.6699395e-002
  3.3512643e-002
  8.7897947e-002
 -9.2045428e-002
  7.6314347e-002
 -1.4604117e-001
  8.7415319e-002
  8.5094959e-003
  7.0920834e-002
  1.2304239e-002
 -5.4984709e-002
  4.8083113e-002
 -1.0942105e-001
 -1.4346537e-001
 -2.5982401e-002
 -1.3080850e-001
  2.1441171e-002
  1.0682805e-001
  6.9396458e-002
  1.3732539e-001
  1.4307021e-001
  4.4488828e-002
  3.1201470e-002
  2.5201354e-002
 -3.2841024e-002
 -1.4092273e-001
  1.0909550e-001
  4.5563602e-002
 -7.7724963e-003
  1.3404637e-001
  8.9627688e-002
  2.8697627e-002
  2.9620700e-002
  1.2354697e-002
 -3.8576360e-002
  1.2495227e-002
  4.2892902e-002
  6.3071300e-002
  9.2633285e-002
  1.4427424e-001
  4.5760253e-002
  1.6694414e-001
  1.2118495e-002
  8.3725066e-002
 -3.4422111e-002
  9.5345611e-002
  5.0482700e-002
  1.4073524e-001
  1.6222007e-001
  7.4651646e-002
  2.8423907e-001
  2.8745604e-002
  1.8008893e-001
  2.0529619e-002
  1.9824967e-001
  1.9322491e-002
 -9.3296740e-002
 -4.0301963e-001
 -3.0799037e-001
 -3.0153270e-001
 -2.2523384e-001
 -1.8370831e-001
 -7.9469577e-002
  4.7581146e-002
  2.1621802e-001
  3.7281939e-001
  1.6549529e-001
  9.0155659e-002
  1.1340838e-001
  1.3783420e-002
 -1.0931784e-002
 -1.0585715e-001
 -1.3189794e-001
 -1.7383425e-002
  3.3755155e-002
 -1.2971261e-001
 -4.2789409e-003
 -1.8980657e-001
 -2.2235194e-001
 -1.0239022e-001
 -1.5979915e-001
 -9.0311856e-002
 -2.1013142e-002
  9.8441769e-002
  1.4766788e-001
  3.1458286e-001
  9.6790679e-002
  3.7464351e-002
 -8.6771614e-002
 -7.8986006e-002
 -2.8055439e-001
 -2.8773308e-001
 -1.9395441e-001
 -2.0363670e-001
 -2.6971653e-002
 -4.7412350e-002
  1.0525275e-001
  6.0288767e-002
  5.8958873e-003
 -2.9852797e-002
  8.7240602e-002
 -1.4542180e-002
 -2.3282710e-001
  1.4532915e-001
  6.5582063e-002
 -1.0197442e-001
  2.5376974e-002
  4.5980491e-002
 -1.0266520e-001
 -9.6789535e-002
 -1.1505014e-001
 -4.6053933e-002
 -1.7186059e-001
  6.6130144e-003
  7.3642367e-002
  6.5508959e-002
  8.9990904e-002
  1.2810374e-001
  3.3719172e-002
  5.5359371e-002
 -4.2175607e-002
 -2.1403009e-002
 -8.7277591e-002
  5.5948225e-003
  3.3639048e-002
  6.7711301e-002
 -2.5921078e-003
  8.6681967e-002
  1.0608722e-001
 -6.7266152e-002
 -1.6800784e-002
 -2.1627438e-004
  1.2765996e-002
 -1.1399792e-001
  1.2048297e-001
  1.6635450e-001
 -6.4820364e-002
  1.5397395e-001
  2.0803282e-001
 -8.5053576e-002
  1.4918318e-001
 -2.0042649e-002
  8.7704659e-002
 -1.2200939e-002
  1.0409792e-001
  1.7069050e-001
  5.7297856e-002
  1.5538011e-001
  2.0189518e-001
  1.1855581e-001
 -2.7470056e-002
  3.0326711e-001
  2.3713025e-002
 -1.5949695e-002
 -3.7291068e-001
 -2.6117619e-001
 -4.4066529e-001
 -1.2607033e-001
 -2.7334434e-001
 -1.4492077e-001
  9.6465147e-002
  1.1849949e-001
  3.4328724e-001
  3.2299820e-001
 -1.5249054e-002
  2.2148032e-001
 -1.1158892e-001
  1.4426374e-001
 -1.9964763e-001
 -9.4788609e-002
 -2.9011787e-002
 -2.8225526e-002
  3.3519737e-002
 -9.6599060e-002
 -1.2750857e-001
 -2.0738983e-001
 -1.4640552e-001
 -1.1800447e-001
 -2.1362444e-001
  6.7324144e-002
 -8.8812335e-003
  1.8788195e-001
  2.9306135e-001
  1.5406552e-001
  1.0494020e-001
 -7.4599481e-002
 -5.6652475e-002
 -2.9353317e-001
 -1.6210563e-001
 -3.1924160e-001
 -1.7849528e-001
 -2.3535233e-002
  3.1506942e-003
  1.0491337e-001
 -4.2304242e-002
  1.5014476e-001
  4.6959204e-002
 -9.4628977e-002
 -1.2588674e-002
  6.8487787e-002
 -8.9794749e-002
 -3.5640804e-003
  1.5788605e-001
  3.1687119e-002
 -8.7536515e-002
 -2.9811565e-003
  4.4560715e-002
 -2.3192167e-001
 -4.5634003e-002
 -1.0181186e-001
 -3.4759899e-002
  6.4905724e-002
  9.5041394e-002
  9.8144957e-002
  1.3613120e-001
  9.5431989e-002
  8.3570357e-002
 -9.1584015e-002
  8.0057891e-002
 -1.5773696e-001
  6.3007855e-002
 -2.0803709e-002
  4.8708240e-002
  2.1459238e-001
 -1.2023625e-001
  1.7612433e-001
  5.9532708e-002
 -1.0356421e-001
  1.4983015e-002
 -6.1297858e-002
  2.7829483e-002
  1.0741041e-001
  4.4392196e-002
  6.9638469e-002
  2.3596919e-001
  4.0260118e-002
  4.9102418e-002
  1.1473120e-001
 -1.2397743e-002
  1.8312906e-002
  4.2302655e-002
  1.7589951e-002
  3.1648911e-001
 -2.4411041e-002
  2.2616710e-001
  2.5377788e-001
  1.1441691e-001
  8.7455255e-002
  8.9418132e-002
  1.2588986e-001
  1.3408791e-001
 -3.2103337e-001
 -2.2482072e-001
 -4.0534099e-001
 -2.6709560e-001
 -2.0031967e-001
 -1.6514388e-001
 -9.1735501e-002
  1.4773603e-001
  1.5342655e-001
  3.4930679e-001
  2.7991293e-001
 -2.8196522e-003
  6.3685859e-002
  1.1454484e-001
 -2.3392863e-002
 -1.6276762e-001
 -7.7332894e-002
  4.2628365e-002
 -8.7799919e-002
  2.1673333e-002
 -1.4906071e-001
 -1.9822580e-001
 -6.6169762e-002
 -3.0890877e-001
 -4.7738885e-002
 -3.6079507e-002
 -6.3251207e-002
  1.1723180e-001
  3.0730808e-001
  1.8600663e-001
  1.3640092e-001
  6.8095200e-002
 -9.4560162e-002
 -1.3654188e-001
 -2.8747144e-001
 -2.1706455e-001
 -3.3497282e-001
 -1.0167467e-001
 -1.2216719e-002
 -4.9365903e-002
  8.3960053e-002
  9.5171943e-002
 -9.9331278e-003
  5.4901716e-002
 -4.2395975e-002
  4.3121912e-003
 -1.6694314e-002
 -4.1257383e-002
  8.0486215e-002
  1.0650865e-001
 -2.0634183e-001
  1.6425830e-001
 -1.6480158e-001
 -9.3861203e-002
 -1.2289972e-001
 -6.5316638e-002
 -1.2752134e-001
 -5.4910964e-003
  1.6392519e-001
  3.3965065e-003
  1.0352481e-001
  1.6751630e-001
 -1.0405632e-004
  1.1204818e-002
  2.2475784e-002
 -1.0976261e-001
 -2.6796951e-002
  7.2355698e-002
 -9.8614636e-002
  1.6391319e-001
  1.4915665e-002
  5.0055151e-002
 -2.0424320e-002
  4.1917402e-002
  2.3672635e-002
 -2.3387403e-001
  1.7176150e-001
 -4.7045547e-002
  1.6590305e-001
 -6.1585006e-002
  1.9511156e-001
  1.4121267e-001
 -6.1385930e-002
  9.9635376e-002
  3.0399275e-002
 -1.7828368e-002
 -1.6279979e-002
  7.2353210e-002
  1.4225730e-001
  7.5102164e-002
  9.5512835e-002
  2.0063316e-001
  1.0777264e-001
  9.9663055e-002
  6.2562323e-002
  7.2939955e-002
  1.2916406e-001
  1.1125265e-001
 -5.9331889e-002
 -2.1173856e-001
 -5.0925520e-001
 -2.0329048e-001
 -2.5850418e-001
 -2.7730334e-001
 -1.4494144e-001
  6.8119915e-003
  2.1090315e-001
  3.0064814e-001
  2.8585888e-001
  1.0662832e-001
  1.1124198e-001
  5.8634364e-002
 -7.3666283e-002
 -1.7687799e-003
 -2.2976657e-001
 -5.3017121e-002
  1.2212321e-002
  3.3494896e-002
 -1.7022987e-001
 -1.0472444e-001
 -1.2169469e-001
 -2.0304167e-001
 -1.5589766e-001
 -9.1455041e-002
 -4.7564321e-002
  6.1949293e-002
  1.5418952e-001
  3.0369167e-001
  1.6906740e-001
  7.3268143e-002
 -3.8212139e-003
 -1.5077114e-001
 -1.6665508e-001
 -3.8519669e-001
 -2.1523358e-001
 -2.0385033e-001
 -6.7927849e-002
 -5.6554000e-002
  1.5874269e-001
  1.1350738e-002
  4.2544189e-002
  6.8305556e-002
  1.7209106e-002
 -7.5909138e-002
 -6.9087127e-002
  1.3576131e-001
 -8.7297743e-002
  2.6413596e-002
  1.3392348e-001
 -3.5114025e-002
 -1.9239728e-001
  1.1713497e-001
 -2.1223512e-001
 -1.2124004e-001
 -8.5260751e-002
  1.9493582e-002
  2.7926724e-004
  1.7006605e-001
 -1.2223828e-003
  2.1565218e-001
  1.1007809e-001
 -7.4668833e-002
  6.4559551e-002
  2.2029087e-002
 -6.3882180e-002
 -1.2276300e-001
  2.3581972e-001
 -7.4352209e-002
  8.6322762e-002
  1.9178284e-002
  1.3617968e-001
 -2.5693477e-002
 -8.5232222e-002
  3.2391770e-002
 -1.2788821e-002
  6.0171717e-002
  7.3712871e-003
  1.5662773e-001
  1.7509345e-001
  5.0114286e-002
  7.5280091e-002
  1.5901075e-001
 -1.0356532e-002
 -9.9910354e-002
  1.0703095e-001
  1.0290912e-002
  9.6158880e-002
  9.5505376e-002
  2.0028797e-001
  1.1624916e-001
  2.0543199e-001
  1.3628974e-001
  5.4486625e-005
  1.5397328e-001
  1.4748775e-001
 -5.4705801e-003
  1.6025910e-001
  3.6869373e-002
 -5.0766456e-001
 -3.0746298e-001
 -3.0071618e-001
 -1.5278637e-001
 -3.5817131e-001
 -8.0530619e-002
  9.2124780e-002
  2.6465902e-001
  3.5197566e-001
  1.7590715e-001
  2.0498148e-001
  1.5674806e-001
 -1.6492907e-002
 -2.6653911e-002
 -9.7591430e-002
 -6.3402608e-002
 -1.9439465e-001
  9.5660913e-002
 -2.8145666e-002
 -6.7028408e-002
 -2.0640051e-001
 -1.0343201e-001
 -1.0452867e-001
 -1.4156748e-001
 -1.3550159e-001
  1.2705530e-002
  1.8035500e-001
  7.4256032e-002
  3.2126523e-001
  1.5291071e-001
  2.3853228e-002
  2.0948631e-002
 -1.9278961e-001
 -2.4522507e-001
 -2.3582836e-001
 -2.5239060e-001
 -1.8671770e-001
 -4.8751664e-002
  1.1274593e-001
 -2.2496738e-002
  6.3005321e-002
  1.1993489e-001
 -2.0521044e-002
  2.8056092e-002
 -9.3005806e-002
  2.1991322e-002
  4.1284045e-002
 -2.8161543e-002
  8.8062528e-002
 -6.4085242e-002
  1.1330713e-001
 -1.9181553e-001
 -1.7993265e-002
 -1.3135670e-001
 -6.1676187e-002
 -1.5045057e-001
  2.1261274e-002
  1.1376093e-001
  4.5287340e-002
  1.1475200e-001
  1.2226355e-001
  8.5733825e-002
  5.8139189e-002
 -3.2813574e-002
 -9.4634596e-002
  5.9095615e-002
 -5.2781886e-002
 -6.4380518e-002
  1.4568034e-001
  4.7409531e-002
 -1.0650559e-002
  1.0435290e-001
  2.3171833e-003
 -7.6285547e-002
  4.2650536e-002
 -5.2838962e-002
  9.3798082e-002
  4.3214585e-002
  8.8437365e-002
  1.3291401e-001
  2.6354541e-002
  1.4191065e-001
  8.8068407e-003
 -4.2992809e-002
  6.3235658e-002
 -4.2081020e-003
  4.5589220e-002
  1.1126491e-001
  1.1976614e-001
  7.2958318e-002
  2.4312099e-001
  4.9579458e-002
  1.0621304e-001
  1.2980652e-001
  8.0851607e-002
  8.5538930e-002
  1.4026767e-001
  1.5738034e-001
 -7.0770268e-002
 -4.7638590e-001
 -2.9271270e-001
 -2.2668267e-001
 -4.0874153e-001
 -2.7120487e-001
  2.8084233e-002
  8.6835802e-003
  1.0705354e-001
  5.7368994e-001
  1.4973114e-001
  4.5880730e-002
  1.8147493e-001
  2.7551679e-002
 -1.0280048e-001
 -1.8609588e-001
 -1.2286614e-001
  1.6202783e-002
 -1.3447471e-001
  2.3342545e-002
 -4.1674807e-002
 -1.8812204e-001
 -1.4282401e-001
 -2.3653038e-001
  2.6237255e-002
 -2.8019459e-001
 -9.4615514e-003
  1.9111831e-001
  1.3083988e-001
  2.0678619e-001
  2.1771753e-001
  2.6142275e-002
 -4.9635986e-002
 -2.2258817e-001
 -2.1244075e-001
 -3.1537561e-001
 -2.4290457e-001
 -1.8396318e-001
  1.7175894e-003
  1.4380372e-002
  4.6873861e-002
  8.6338608e-002
  9.7844594e-002
 -7.5779491e-002
  1.8425380e-002
  1.0075610e-002
 -1.8251326e-001
  1.5583016e-001
 -3.2335822e-002
  2.4949672e-002
  3.0925424e-002
 -2.8168496e-002
 -1.6226501e-002
 -1.4602775e-001
 -9.7432443e-002
 -1.2484061e-001
 -2.3587379e-002
 -1.2420171e-001
  1.6428767e-001
  9.6325189e-002
  8.1005299e-002
  1.3101715e-001
  7.2642955e-002
  1.0421200e-001
 -1.4666468e-001
  1.7308290e-002
  1.0904230e-002
 -1.2457704e-001
  1.1112493e-001
 -7.0927346e-002
  1.3634593e-001
 -9.9339925e-003
  6.4246561e-002
 -2.7537351e-002
  9.7234537e-002
 -6.3043683e-002
 -2.0229262e-002
  1.8087169e-001
  2.6518050e-002
  6.0370918e-002
  1.6020619e-001
  9.3469815e-002
 -7.6428352e-004
  4.6439733e-002
  6.1822361e-002
 -9.4079907e-002
  1.1898377e-001
  5.5460804e-002
  4.2921589e-002
  1.5629830e-001
  1.6057586e-001
  1.0597387e-001
  1.6570279e-001
  1.1918268e-001
  1.0070121e-001
  8.1436088e-002
  8.8923232e-002
  1.9318113e-001
  1.5793196e-001
 -8.9404990e-002
 -3.5614090e-001
 -2.6104723e-001
 -4.0574069e-001
 -2.7002921e-001
 -1.9098184e-001
 -1.7899490e-001
  9.8143185e-002
  2.2386610e-001
  3.8116202e-001
  3.3161989e-001
  1.5411482e-002
  2.2435727e-001
  1.7674817e-002
 -8.8994161e-002
 -1.5577027e-001
 -8.8838363e-002
 -1.3561121e-001
  1.2121598e-001
 -9.7068885e-002
 -5.8316817e-002
 -1.6925469e-002
 -1.7476634e-001
 -2.0460611e-001
 -2.9930450e-002
 -1.5956114e-001
 -3.3669307e-002
  5.8538768e-002
  2.2801399e-001
  2.6937433e-001
  1.2639143e-001
  3.8165548e-002
  1.6014895e-002
 -1.2567803e-001
 -3.4314777e-001
 -2.6705958e-001
 -1.4902061e-001
 -1.5737809e-001
 -1.8869771e-001
  2.1565843e-001
  1.1977999e-001
 -2.8807900e-002
  9.0584434e-002
  1.6101463e-001
 -1.0846496e-001
 -6.8359849e-002
  1.0515170e-002
  3.8366806e-002
  1.4560923e-002
 -2.8521460e-002
  1.2025600e-001
 -9.0806506e-003
 -1.1746915e-001
  2.5937889e-002
 -1.4725031e-001
 -1.2150555e-001
 -1.0607595e-002
 -7.4637662e-002
  9.4232598e-002
  1.3530482e-001
  7.2782772e-002
  1.5360302e-001
  9.3482905e-002
  6.1122158e-002
 -4.2655148e-002
  1.1941241e-002
 -1.4030569e-001
  1.0608997e-001
 -5.9613468e-002
  2.1369076e-002
  5.7263115e-002
  1.3656239e-001
 -3.0538001e-002
  1.4123600e-002
  8.6525662e-002
 -6.3523434e-002
  4.9911208e-002
 -4.5422424e-003
  2.0811284e-001
 -2.2215917e-003
  1.3410500e-001
  7.2988242e-002
  1.1800379e-001
 -4.7209490e-003
 -6.5299181e-002
  3.5407572e-002
  4.1811010e-002
 -5.5550946e-003
  7.1520791e-002
  2.2644498e-001
  1.2044983e-001
  1.3626317e-001
  1.8209176e-001
  1.7912899e-001
 -8.9836309e-002
  2.2737031e-001
  7.0274183e-002
  5.9877260e-002
  1.9090059e-001
 -2.1663752e-001
 -4.1641981e-001
 -2.9032701e-001
 -2.8266704e-001
 -3.5909884e-001
 -2.0536889e-001
 -2.7745131e-002
  9.4065189e-003
  3.8203069e-001
  3.0273739e-001
  1.7671300e-001
  1.4220617e-001
  1.1849852e-001
  2.1244617e-002
 -2.2470591e-001
 -4.7431725e-002
 -2.1077878e-001
 -1.5737380e-002
 -1.3412332e-002
 -8.9052296e-002
 -1.7581354e-002
 -1.3938739e-001
 -2.0015157e-001
 -6.0347644e-002
 -1.3685103e-001
 -1.5517312e-001
 -3.4127993e-002
  1.9387236e-001
  1.6768209e-001
  1.6994014e-001
  6.7128024e-002
  1.1828798e-001
 -4.5326534e-002
 -4.0962067e-001
 -1.5215846e-001
 -2.2833111e-001
 -3.3594355e-001
 -1.8025455e-001
  1.0737829e-001
  1.8502663e-003
  6.8288211e-003
  1.5472787e-001
 -9.9195708e-003
  1.1100930e-001
 -1.4392621e-001
 -1.1694790e-001
  1.1271737e-001
 -6.4509153e-002
 -5.1693140e-002
  5.0836186e-002
  3.5018768e-002
 -6.4746616e-002
 -7.6055762e-002
 -7.0381478e-002
 -1.3168578e-001
 -9.4266901e-002
 -8.8740014e-002
 -1.6363710e-002
  1.6567037e-001
  1.7253197e-002
  1.2708050e-001
  1.0114107e-001
  1.3037479e-001
  6.3617155e-003
 -9.6764831e-002
 -8.4652268e-003
  2.5769383e-002
 -1.0079424e-001
 -2.4240451e-002
  1.2933313e-001
 -8.1934695e-002
  1.3912068e-001
 -1.4302600e-002
  6.7650779e-002
 -9.7942150e-003
 -2.3808284e-003
  1.0655685e-001
 -5.2995649e-002
  1.4677808e-001
  1.0539294e-001
  2.4412394e-002
  5.9666813e-002
  1.2680296e-001
 -2.5084260e-002
 -4.3952517e-002
  2.7755099e-002
  1.0777820e-001
 -1.8552254e-002
  1.2213658e-001
  8.6122023e-002
  2.6036593e-001
  8.3503679e-002
  5.5275905e-002
  1.8694130e-001
  6.8805686e-002
  4.0667750e-002
  9.1020910e-002
  1.7156364e-001
  1.5912719e-001
 -4.6367534e-002
 -3.6031423e-001
 -2.9921826e-001
 -3.2289280e-001
 -3.2754686e-001
 -2.3832800e-001
 -1.3925517e-001
  9.6432330e-002
  2.4974204e-001
  2.6180325e-001
  2.9789478e-001
  2.9484391e-001
 -8.7741301e-002
  9.0924847e-002
 -3.1593374e-002
 -1.7545386e-001
 -2.0213533e-001
 -3.4198563e-003
  4.1393240e-002
 -9.4023572e-003
 -4.3004873e-002
 -1.3210866e-001
  1.2545162e-002
 -2.2753355e-001
 -1.6216123e-001
 -1.1529119e-001
  3.6284928e-002
  9.1220584e-004
  1.5263238e-001
  2.8198321e-001
  1.7630393e-001
 -1.3236663e-002
  6.5642441e-002
 -2.5738918e-001
 -1.7401912e-001
 -2.9125229e-001
 -2.7972581e-001
 -7.5575075e-002
 -4.0940732e-002
  5.6962975e-002
  2.7150267e-002
  1.7593869e-001
  6.6207611e-002
 -7.1109185e-002
  5.0567166e-003
 -4.7001035e-002
 -6.7167596e-002
  3.8696955e-002
  2.2228310e-002
  3.9029458e-002
  6.6708082e-002
 -1.4569558e-002
 -4.9702281e-002
 -1.4673929e-002
 -2.0523438e-001
 -4.4278860e-002
 -7.9356787e-002
  6.8137055e-003
  5.5716234e-002
  1.2731156e-001
  1.5847018e-001
  5.2507629e-002
  1.8130335e-001
 -5.6600208e-003
  1.2053712e-002
 -1.4904060e-001
  1.3642510e-001
 -4.2568156e-002
 -7.6497136e-002
  1.3234839e-001
  6.1245590e-002
  6.8642054e-002
  2.8439925e-002
  6.5582651e-002
 -9.9390409e-003
  9.8893235e-002
 -1.2369720e-001
  1.0756111e-001
  2.1332796e-001
 -1.0872015e-001
  1.7386926e-001
  1.3795532e-001
  1.0889867e-001
 -7.3667024e-002
  1.3208050e-002
  5.8886022e-002
  3.5391501e-002
 -6.4824144e-002
  1.9303519e-001
  1.2549665e-001
  1.9110620e-001
  1.5465999e-002
  2.3801819e-001
  1.0929832e-001
  3.0324120e-002
 -8.8802602e-003
  1.8936452e-001
  4.5222712e-002
  1.0491625e-001
  1.8284611e-001
  8.2934222e-002
 -3.1962234e-001
 -4.2743894e-001
 -2.8757560e-001
 -2.5437974e-001
 -3.2670631e-001
 -2.1662055e-001
  2.1035315e-001
  9.3672400e-002
  3.7190101e-001
  2.8150608e-001
  1.4821152e-001
  5.9710722e-002
  3.9465478e-002
 -1.4861707e-001
 -1.0045140e-001
 -1.9646030e-001
 -9.2482073e-002
  4.4366857e-002
  9.6785506e-002
 -1.6793205e-001
 -6.5971245e-003
 -8.0283144e-002
 -2.5158944e-001
 -1.9581926e-001
 -6.3310149e-002
 -1.3050705e-001
 -2.1597342e-002
  2.0517204e-001
  2.2471773e-001
  8.1159837e-002
  1.1894807e-001
 -1.4709312e-001
 -1.1717709e-001
 -1.9847679e-001
 -3.9169334e-001
 -1.2878028e-001
 -1.5421097e-001
 -3.7055059e-002
  3.3302615e-002
  5.7004550e-002
  8.0397704e-002
  5.5902008e-002
 -5.8783835e-002
 -9.0992768e-002
  2.5751171e-002
 -1.5627346e-001
 -7.3128724e-002
  1.8908679e-001
 -1.1072544e-001
  1.0020300e-001
 -2.7082749e-002
 -3.5693705e-002
 -4.0485290e-002
 -1.8247034e-001
 -6.2241903e-002
 -1.9865970e-001
  9.2978127e-002
 -1.2411310e-002
 -2.4104060e-003
  2.7606202e-001
  2.3099642e-002
  7.6702047e-002
  5.7971496e-002
 -2.3752671e-002
 -8.8442455e-002
 -3.9569666e-002
 -1.6642959e-002
 -3.0258852e-002
  1.4552459e-002
  9.0633345e-002
  7.2332991e-004
  1.1827532e-001
 -1.3530232e-002
  5.6679731e-002
 -9.2076073e-002
  6.9209482e-002
  1.0648594e-002
  1.0245823e-001
 -4.3917884e-002
  2.0171530e-001
  5.6104310e-002
  2.5438665e-002
  3.5488042e-002
  3.4269270e-003
  2.0799003e-002
 -6.5430713e-002
  2.9615097e-002
  1.3823759e-001
  1.2306430e-001
  2.4541890e-002
  2.8741496e-001
  1.5786465e-001
  7.3992832e-002
  1.2519874e-002
  2.3186839e-001
 -4.8546051e-002
  8.1127528e-002
  1.9935232e-001
  1.4857052e-001
 -1.4402423e-001
 -2.6120471e-001
 -4.5794279e-001
 -2.0061512e-001
 -3.8910655e-001
 -2.7075645e-001
 -7.3659226e-002
  7.6541053e-002
  1.9963532e-001
  4.1734593e-001
  1.7546877e-001
  1.5981690e-001
  1.2319157e-001
 -3.2138396e-002
 -1.2802693e-001
 -9.5513703e-002
 -2.4266631e-001
  2.8168435e-002
  8.0198169e-003
  2.7888526e-003
 -8.7025906e-002
  4.3906737e-003
 -2.0586620e-001
 -1.5610262e-001
 -1.1245123e-001
 -1.9646021e-001
 -1.1338054e-002
  2.7969872e-002
  2.5510235e-001
  1.4362368e-001
  9.7113985e-002
  9.9552021e-002
 -9.3647029e-002
 -1.9898996e-001
 -1.6120194e-001
 -2.3933181e-001
 -2.7525079e-001
  4.6207530e-002
 -5.7399633e-002
 -1.6006172e-002
  1.8510750e-001
 -2.7515571e-002
  1.0185104e-001
 -1.0180618e-001
  5.3723115e-002
 -1.3498979e-001
 -2.4597871e-002
  8.4238436e-002
  3.4678603e-002
  4.1192435e-002
  6.6159979e-002
  3.6903609e-002
 -5.2528996e-002
 -1.2274785e-001
 -5.0459445e-002
 -1.1272983e-001
 -1.4567636e-001
  7.3336201e-002
  8.8954750e-002
  1.8760468e-002
  2.0587380e-001
  9.5918971e-002
  2.0232271e-001
 -1.6016123e-001
  1.3968364e-001
 -6.6370364e-002
 -5.5988266e-002
  5.3340597e-002
 -3.2815876e-002
  1.1618658e-001
  2.9380595e-003
  2.0043101e-001
 -9.8026812e-002
  1.6602693e-001
 -3.6043112e-002
 -6.2928491e-003
  9.2543943e-002
  9.3735044e-002
  1.1767037e-001
 -5.9680438e-002
  2.5150228e-001
 -3.0048917e-003
  4.1246439e-002
 -7.0150062e-002
  1.8592396e-001
 -6.1202468e-002
  1.0627502e-001
  1.0881176e-001
  1.2309261e-001
  2.4177323e-001
 -2.8191030e-002
  3.4433497e-001
 -2.7287216e-002
  1.3297739e-001
  6.7461121e-002
  6.3981662e-002
  1.3888085e-001
  2.4031070e-001
  5.2795363e-002
  3.2635660e-002
 -3.3376889e-001
 -3.9168753e-001
 -3.2930170e-001
 -2.8227686e-001
 -2.8029388e-001
 -4.7903850e-002
  3.8608919e-002
  2.7834630e-001
  4.2789631e-001
  1.6577804e-001
  8.3025268e-002
  2.1880234e-001
 -1.1140593e-001
 -1.5364794e-001
 -8.0581356e-002
 -1.9826907e-001
  7.7882545e-003
  5.9921799e-002
  6.4091651e-003
 -1.2741763e-003
 -1.5173920e-001
 -6.7567344e-002
 -1.8250339e-001
 -2.3769043e-001
 -9.5021973e-002
 -5.0082189e-002
  4.4892195e-002
  1.3004188e-001
  3.3442740e-001
  4.8787314e-002
 -2.8516605e-002
 -1.7858531e-002
 -1.6504252e-001
 -2.8209882e-001
 -3.2988675e-001
 -6.6111980e-002
 -1.4056069e-001
 -2.1051776e-002
  6.2544249e-002
  5.7000603e-002
  1.3415131e-001
 -7.8773982e-002
 -1.9190375e-002
 -1.5711982e-002
 -1.2158977e-001
 -8.4643886e-002
  1.2479421e-001
 -3.6418132e-002
  1.3699609e-001
 -5.1541444e-002
  3.6260896e-002
 -8.0910086e-002
 -5.1360874e-002
 -2.3265100e-001
 -5.0922996e-002
 -1.0951467e-001
  3.1155408e-002
  1.7166610e-002
  1.3016580e-001
  1.2641256e-001
  1.5388427e-001
  1.6215541e-002
 -2.8135912e-002
  2.4193765e-002
 -7.6334571e-002
 -1.3812801e-001
  8.7920752e-002
  1.9768150e-002
 -5.3295314e-002
  1.9033023e-001
 -2.6245900e-002
  1.7171448e-001
 -1.1566758e-001
  1.3969810e-002
  6.1352254e-002
 -9.0496747e-002
  6.8477019e-002
  7.6943654e-002
  2.5600020e-002
  1.6028941e-001
 -2.3091267e-003
  9.8571837e-002
 -2.2647645e-002
  1.5276157e-002
 -1.7630823e-002
  9.5841192e-002
  3.5859029e-002
  5.6771756e-002
  2.0980984e-001
  9.9634296e-002
  7.5815085e-002
  1.9869906e-001
  2.7508224e-002
  1.2480542e-002
  1.5062530e-001
  9.5321652e-002
  1.3153449e-001
  1.4627357e-001
 -2.0325048e-001
 -3.9506631e-001
 -2.7575537e-001
 -3.8195726e-001
 -3.0254358e-001
 -1.7473357e-001
 -8.3445295e-002
  1.3431592e-001
  3.3454105e-001
  2.3028302e-001
  2.3638200e-001
  5.7441658e-002
  1.0232036e-001
 -6.8559757e-002
 -1.3691073e-001
 -2.0253160e-001
 -4.5881689e-002
  1.5138732e-003
 -3.5717179e-002
  3.2078792e-002
 -2.3851707e-002
 -2.2970373e-001
 -5.7243872e-002
 -1.2552441e-001
 -2.8238635e-001
 -3.8072878e-002
  5.1869413e-003
  1.0219944e-001
  1.3806693e-001
  2.2844458e-001
  1.3249072e-001
 -1.0651315e-001
 -4.5290108e-002
 -2.6122287e-001
 -2.3346538e-001
 -3.3214512e-001
 -8.6370326e-002
 -8.0984851e-002
 -1.1578887e-002
  8.0033876e-002
  1.0912753e-001
 -2.7375117e-002
  1.3432429e-001
 -1.8634525e-001
 -9.6103099e-003
 -3.5858260e-002
 -7.6029120e-002
  1.1925826e-001
  1.1769107e-002
  4.1558382e-002
  4.5803774e-002
 -1.3817711e-002
 -1.3047695e-001
 -1.0291399e-001
 -9.5022104e-002
 -1.5489317e-001
  1.2149477e-002
 -1.7428411e-002
  1.6606889e-001
  1.0237816e-001
  7.7722400e-002
  2.0630703e-001
  4.9567801e-002
 -9.4914704e-002
  6.9047323e-003
  1.5455551e-002
 -3.5870178e-002
 -5.9894883e-002
  9.1722103e-002
  1.0858291e-001
 -3.6133506e-002
  1.5116200e-001
 -4.5683436e-003
  3.7842543e-003
  9.5941354e-002
 -1.0332790e-001
  1.5717093e-001
  5.5801166e-002
  1.1104449e-001
  5.7533636e-002
  1.8894659e-001
  1.6157273e-002
  6.3691518e-002
 -9.1500435e-002
  9.6381934e-002
  5.3568064e-003
  2.0821246e-002
  9.6099651e-002
  1.9372762e-001
  2.0951521e-001
  4.1429103e-002
  2.6397775e-001
  5.2617717e-002
  6.5998692e-002
  8.2083619e-002
  6.8804032e-002
  1.0350061e-001
  1.6648213e-001
  1.0523180e-001
 -3.5580602e-001
 -9.9928334e-002
 -5.5469311e-001
 -2.6046265e-001
 -1.5891057e-001
 -3.2515985e-001
  8.2780875e-002
  1.7869637e-001
  2.9811427e-001
  2.8758651e-001
  2.2514627e-001
  1.3483921e-001
  1.9241781e-002
 -1.3994860e-002
 -1.7314206e-001
 -1.5944556e-001
 -7.2812833e-002
  1.7795217e-002
  1.1689916e-003
 -1.9078049e-002
 -6.7380979e-002
 -6.0391047e-002
 -1.5202128e-001
 -1.4751770e-001
 -8.4629739e-002
 -1.4572964e-001
  9.8657133e-002
  7.2349864e-002
  2.6065606e-001
  7.9109481e-002
  1.8226816e-001
 -5.3541669e-002
 -1.1005964e-001
 -2.8410677e-001
 -2.3178354e-001
 -2.6651531e-001
 -1.4754087e-001
 -1.0272244e-001
  1.0645033e-001
 -1.6286867e-002
  8.7708836e-002
  1.3759677e-001
 -6.7703224e-002
 -2.7080936e-002
 -7.5862142e-002
 -2.7819479e-002
  5.2698954e-003
  3.5945020e-002
  5.6132292e-004
  1.1873334e-001
 -5.1882627e-002
 -8.1804023e-002
 -6.0124469e-002
 -1.7186528e-001
 -1.4158744e-001
 -1.1560193e-001
  2.0780978e-002
  2.8864843e-002
  5.8674458e-002
  1.9550889e-001
  8.7613063e-002
  8.9527730e-002
  1.0031538e-001
 -1.4875979e-001
  1.3999200e-001
 -1.9136026e-001
  8.1761060e-002
 -5.9316603e-002
  5.6684151e-002
 -5.7639907e-002
  1.4508465e-001
 -3.5562271e-003
 -1.5843885e-002
  2.1242566e-002
  9.6986196e-002
 -4.2337977e-002
 -3.0193847e-003
  1.8651214e-001
  9.1472479e-002
 -6.2776270e-002
  2.5444522e-001
  4.8416307e-003
 -4.5911996e-002
 -2.0475157e-002
  4.8794301e-002
 -3.4183403e-002
  1.8649902e-002
  8.0624084e-002
  1.4231954e-001
  1.0205792e-001
  1.6800827e-001
  1.0929088e-001
  1.3060884e-001
  4.4485923e-002
  7.4457482e-002
  4.5732639e-002
  1.3363769e-001
  1.3194160e-001
 -4.4225317e-002
 -2.8041767e-001
 -3.2875294e-001
 -3.4342975e-001
 -3.5140867e-001
 -2.6993366e-001
 -1.7577198e-001
  1.1524095e-001
 -3.1789448e-002
  5.2191233e-001
  1.0911811e-001
  1.4876468e-001
  1.1175921e-001
  1.1322561e-001
 -1.7641463e-001
 -1.8999235e-001
 -6.1184465e-002
 -1.3084939e-001
  6.7362978e-003
 -7.2095257e-002
  1.9010398e-002
 -2.0647007e-001
 -5.7072153e-002
 -1.4904491e-001
 -1.8186037e-001
 -1.3705815e-001
 -1.0280064e-002
 -2.8475780e-002
  1.5616569e-001
  1.9828909e-001
  7.6435815e-002
  9.3674193e-002
 -7.0880347e-002
 -1.0954851e-001
 -3.1844029e-001
 -2.3397176e-001
 -2.3348680e-001
 -1.4915983e-001
 -2.4939555e-002
 -3.7176933e-002
  4.5368555e-003
  2.3779004e-001
 -1.7565809e-001
  1.1936244e-001
 -6.7088678e-002
 -1.6004894e-001
  6.7612025e-002
 -4.6965892e-002
  5.4508446e-002
  2.0201460e-002
  4.5873206e-002
 -2.4012020e-002
 -5.8537732e-002
 -1.2134614e-001
 -1.6685331e-001
 -7.3357567e-002
 -1.8478226e-001
  4.2629221e-002
  4.8026823e-002
  4.8327690e-002
  1.0392006e-001
  2.2166324e-001
  5.4313416e-002
 -3.0151532e-002
  4.0814141e-002
  6.1220999e-002
 -1.5586332e-001
  5.6359974e-002
 -1.6176669e-002
  4.3619523e-002
 -3.8928305e-002
  3.0496418e-002
  1.0807187e-001
  3.3857653e-002
 -9.3310401e-002
  1.3387374e-001
  1.3405671e-001
 -3.7582203e-002
  7.7116932e-002
  2.2270561e-001
  4.8751536e-002
  2.9959949e-003
  1.1053857e-001
  1.0989971e-002
 -1.3552510e-002
  2.2302966e-002
  7.1728129e-002
  1.3538251e-001
  4.6370980e-002
  1.4811612e-001
  1.7932566e-001
  1.3327604e-001
  1.0373273e-001
  7.6643896e-002
  1.2685527e-001
  1.0435361e-001
  7.2694769e-002
  2.0816960e-001
  1.0236123e-001
 -1.5629567e-001
 -4.9023663e-001
 -1.3569487e-001
 -4.2973718e-001
 -3.1653050e-001
 -1.3297510e-001
  1.4385579e-002
  1.2917935e-001
  2.1736403e-001
  4.4461338e-001
  8.5382371e-002
  1.3694845e-001
  1.0662696e-001
 -9.1903091e-003
 -1.8809940e-001
 -1.1503009e-001
 -5.7016645e-002
  1.8089051e-002
 -1.4086835e-002
 -2.8616938e-002
 -3.9712664e-002
 -1.1911180e-001
 -1.1879701e-001
 -1.0655323e-001
 -1.5530377e-001
 -2.4533499e-002
 -4.1831449e-002
  2.2794376e-001
  8.2921059e-002
  2.1906315e-001
  6.1624131e-002
  5.1287420e-002
 -1.3121177e-001
 -1.4544730e-001
 -2.5661154e-001
 -2.5187891e-001
 -1.0417908e-001
 -5.4523782e-002
 -4.0655326e-003
 -2.9105909e-002
  1.6482757e-001
  3.4681752e-002
 -2.1501412e-002
  3.3081641e-002
 -1.4780680e-001
  7.5469645e-002
 -5.4533803e-002
  4.2700280e-002
  1.1338060e-001
  3.6712241e-003
 -8.0113436e-003
  1.4551272e-002
 -1.4563159e-001
 -6.5535306e-002
 -2.5094510e-001
  7.0566804e-003
 -7.2992465e-002
  4.1268388e-002
  3.5703797e-002
  1.9233384e-001
  1.6873132e-001
  1.8181338e-002
  1.5251117e-001
 -1.6063461e-002
 -2.4814705e-002
 -3.0490319e-002
  7.2522610e-004
  2.7589827e-002
 -7.1389703e-002
  5.8512382e-002
  7.7844476e-002
 -5.7923196e-002
  1.1035772e-001
 -7.0898822e-002
  7.8085162e-002
  6.6679209e-002
  5.6139304e-002
  2.4419414e-002
  1.6761866e-001
  9.0364799e-002
  3.8876616e-003
  6.3770362e-002
  5.0986902e-002
 -6.2219602e-002
 -8.7929419e-003
  6.5935325e-002
  7.8182145e-002
  2.0797591e-002
  1.2758399e-001
  2.1054981e-001
  1.0745603e-001
  6.5225398e-002
  1.4455788e-001
  1.1106554e-002
  4.9522939e-002
  1.6116599e-001
 -2.6302035e-002
  2.3618769e-001
  7.8506880e-002
 -2.5304548e-001
 -2.9650876e-001
 -3.4163774e-001
 -3.0420385e-001
 -3.7601109e-001
 -1.4251607e-001
  2.6733516e-003
  9.6472978e-002
  2.5608278e-001
  2.9135132e-001
  1.9223952e-001
  9.5539036e-002
  4.8550081e-002
 -9.6098709e-002
 -1.2714720e-001
 -1.6095301e-001
 -1.5585645e-001
  1.3524662e-002
  2.4234473e-002
 -9.6672697e-002
 -6.5010997e-002
 -5.9424494e-002
 -1.6789812e-001
 -1.2650971e-001
 -1.8409264e-001
 -9.7694666e-002
  6.3197185e-002
  3.4202627e-003
  1.5218689e-001
  1.1537869e-001
  1.2540031e-001
 -4.4460057e-002
 -1.7172291e-001
 -6.4166500e-002
 -3.3036768e-001
 -3.0040987e-001
 -3.5723406e-002
 -1.6499417e-001
 -9.2976762e-003
  2.0547307e-002
  6.5140395e-002
  6.8491980e-002
 -5.2603817e-002
 -6.2985636e-003
 -8.1078045e-002
 -9.4346928e-002
  8.4049700e-002
 -7.9084626e-002
  4.7604866e-002
  8.5714599e-002
 -5.0682497e-002
 -8.7889413e-002
  1.2532916e-002
 -2.4350404e-001
 -1.0846063e-001
 -5.7486331e-002
 -1.0208636e-001
  6.7245219e-002
  7.7386493e-002
  1.2917585e-001
  8.1316533e-002
  1.7649955e-001
 -3.6109769e-002
  2.2333315e-002
 -1.4788043e-002
 -8.8974958e-002
  7.8022362e-002
 -1.3643812e-001
  1.2941501e-001
 -4.4352726e-002
  4.1484286e-002
  5.4124342e-002
 -5.7830919e-002
  9.7073795e-002
  3.5464207e-002
 -3.5568006e-003
  1.2283382e-001
  8.2179900e-002
  6.1393805e-002
  1.0112032e-001
  6.6500707e-002
  4.8410476e-002
 -3.3230337e-002
  1.3617365e-002
  1.0670347e-001
 -1.1323957e-001
  1.9935810e-001
  4.7970248e-002
  6.5180153e-002
  1.7291902e-001
  1.2973666e-001
  2.2136287e-002
  1.6344356e-001
  9.3089172e-002
  2.7241102e-002
  1.4616676e-001
  3.6020145e-002
  2.6957808e-001
 -9.4693981e-002
  6.2820456e-002
 -3.3355752e-001
 -3.7431216e-001
 -3.0508924e-001
 -2.8590713e-001
 -1.1566077e-001
 -1.2895569e-001
  1.1795964e-001
  3.7589468e-001
  2.1200065e-001
  1.4297383e-001
  2.7959235e-001
  7.6706543e-003
 -6.9631088e-002
 -8.0030197e-002
 -7.0370626e-002
 -1.7750444e-001
  1.1966666e-002
  4.9928673e-002
 -1.7988679e-002
 -3.0119431e-002
 -1.2794408e-001
 -4.2209208e-002
 -1.6752787e-001
 -1.1124151e-001
 -1.0146232e-001
  2.4007086e-002
  1.0049669e-001
  1.5427592e-001
  1.1184051e-001
  1.4957681e-001
 -4.5261427e-002
  4.5891647e-004
 -2.1582822e-001
 -2.9274831e-001
 -4.9917575e-002
 -2.1839210e-001
 -4.9488894e-002
 -5.1054212e-002
  2.3539252e-001
 -1.3361104e-001
  1.1361118e-001
  6.2707680e-002
 -2.2555732e-002
 -1.2419397e-001
 -6.7540824e-002
  1.5039064e-001
 -2.0083464e-002
  5.7842338e-003
  9.4407659e-002
  1.2766199e-001
 -1.4158548e-001
 -2.4243441e-002
 -9.8496500e-002
 -1.0555935e-001
 -6.8650196e-002
 -1.0143634e-001
  8.9653804e-002
  1.4773927e-001
  1.2216100e-002
  1.9302788e-001
  1.3348948e-001
  9.5450854e-002
 -3.5066198e-002
 -2.3790604e-002
  7.4862574e-002
 -7.0357690e-002
  4.2561262e-002
 -9.1103693e-002
  2.2750012e-001
 -5.7277583e-002
 -3.9178980e-003
  1.5255604e-001
 -3.5463938e-002
  6.8541106e-002
  2.6398573e-002
  4.7095459e-002
  2.1182813e-001
 -5.9677436e-002
  1.7883839e-001
  8.9244610e-002
  3.2443007e-002
  8.0756834e-002
 -6.7880971e-002
  8.2236865e-002
  2.1587597e-002
  2.5749210e-002
  5.1613224e-002
  2.0110955e-001
  7.6596271e-002
  1.0417608e-001
  1.9547340e-001
  8.2558105e-002
  7.6402573e-002
  3.2385827e-002
  1.0639959e-001
  1.6000660e-001
 -3.8243852e-003
  1.6082069e-001
 -3.0672693e-002
 -2.7805398e-001
 -3.7103073e-001
 -3.4638456e-001
 -2.5107593e-001
 -2.2592948e-001
 -1.3652606e-001
  9.0496225e-002
  3.1111939e-001
  1.6884538e-001
  2.3413492e-001
  2.2985130e-001
 -2.8723705e-003
  2.3857092e-002
 -1.7463445e-001
 -6.0285876e-002
 -1.4847030e-001
 -1.0233256e-001
  7.1141121e-002
 -2.0135827e-002
 -9.5120052e-002
 -3.7270377e-002
 -1.5428460e-001
 -4.4238861e-002
 -2.8269352e-001
  4.5999425e-003
 -6.9731686e-002
  6.1750293e-002
  1.0059848e-001
  1.4377675e-001
  1.1924327e-001
 -5.7130590e-002
  2.0209393e-002
 -2.8161123e-001
 -1.3242981e-001
 -3.5956055e-001
 -9.3598433e-002
 -7.5234666e-002
 -9.1341272e-002
  8.1883921e-003
  1.4636850e-001
 -2.8516054e-002
 -6.5404291e-003
  2.1690887e-003
 -5.7393402e-002
 -1.3542938e-001
  5.2558504e-002
 -1.7506865e-002
  1.7409937e-002
  6.3218749e-002
 -3.0032574e-002
 -4.1285707e-003
 -1.1074208e-001
 -9.1985034e-002
 -2.1506636e-001
 -6.3758475e-002
 -1.1660018e-002
 -8.7115012e-002
  9.4457749e-002
  1.3894941e-001
  9.3055946e-002
  1.0079146e-001
  2.6141188e-002
  8.5178896e-002
 -8.4161800e-002
 -7.0172821e-002
  1.0856857e-001
 -1.2260854e-001
  4.2338117e-002
  2.0529892e-002
 -4.5900764e-002
  8.9212820e-002
 -2.0491848e-002
  8.0789032e-003
  7.0367492e-002
  7.0194413e-002
  1.9796690e-002
  9.6701947e-002
  1.1134189e-001
  8.5410854e-002
 -7.3096253e-003
  1.3910577e-001
  1.4603012e-002
 -4.9886914e-002
  9.4607928e-002
  2.8741421e-002
  2.4295224e-002
  8.5982824e-002
  1.3841385e-001
  8.7781286e-002
  1.0378777e-001
  1.4477775e-001
  1.0062334e-001
  7.2745841e-002
  9.2995858e-002
  7.6831666e-002
  9.0540042e-002
  1.2476381e-001
  9.2248870e-003
 -1.9012790e-001
 -2.1404223e-001
 -4.4721921e-001
 -3.0441482e-001
 -1.8080032e-001
 -1.6844085e-001
 -4.0875996e-002
  1.4830784e-001
  2.9295635e-001
  2.4570314e-001
  8.2542729e-002
  1.6932427e-001
  9.4785730e-002
 -1.2522276e-001
 -8.4244107e-002
 -1.6952758e-001
  6.6240143e-002
 -1.0878320e-001
 -6.2557432e-002
  9.3558333e-002
 -5.3705894e-002
 -2.0665713e-001
 -1.0610694e-001
  3.4744723e-002
 -1.7288436e-001
 -1.9059502e-001
  2.2721524e-001
  9.6986609e-002
  9.9761132e-004
  2.5018856e-001
  1.4675025e-002
  2.0370521e-002
 -1.2546970e-001
 -2.1988909e-001
 -1.9929735e-001
 -1.4246053e-001
 -1.1829638e-001
 -1.4095738e-001
  1.7678791e-001
  2.5699044e-002
 -5.8093872e-002
  1.8299407e-001
  3.0911422e-002
 -1.2019524e-001
 -3.4229890e-002
 -2.4481691e-002
  9.4604536e-002
 -7.7605636e-002
  7.3089303e-002
  1.2587724e-001
 -4.1202401e-002
 -1.0130412e-001
  4.1425424e-002
 -2.2228828e-001
 -9.0764308e-002
 -7.1921826e-002
  5.8925221e-002
 -8.1724690e-002
  1.8433132e-001
  2.1309962e-001
 -3.1735958e-002
  2.7423084e-001
  6.7481133e-003
 -1.4179147e-002
  1.4081118e-002
 -5.9321535e-002
  6.3248342e-002
 -2.8488172e-002
  4.0983007e-003
  1.2113447e-001
  5.6545039e-002
 -2.1716856e-002
  1.2628988e-001
 -3.1165216e-002
  1.3822246e-001
  3.0953946e-002
  7.8009859e-002
  1.8852091e-001
  6.9168145e-002
  1.0550915e-001
  7.2070026e-002
  3.6981307e-002
  2.7340597e-002
  1.2255441e-002
  2.2309078e-002
  1.5985582e-001
  1.4808385e-002
  2.3482854e-001
  3.5419287e-002
  1.8685746e-001
  1.8167699e-001
 -8.3562992e-004
  1.3884104e-001
  1.3567519e-001
  3.1953030e-002
  1.5066287e-001
  6.4396912e-002
  1.3948875e-001
 -1.7307835e-001
 -4.1962971e-001
 -2.3180868e-001
 -2.6674937e-001
 -3.4887299e-001
 -1.0886509e-001
  5.0661751e-002
  1.6991634e-001
  2.0212895e-001
  2.7251294e-001
  2.3183158e-001
  2.8403181e-002
  1.1260730e-001
 -1.0629803e-001
 -7.4310924e-002
 -1.6713817e-001
  3.1768639e-002
 -1.7310424e-001
  1.9026065e-001
 -1.2556849e-001
 -1.0539779e-001
 -5.6568815e-002
 -6.6646884e-002
 -2.0331829e-001
 -7.5069477e-002
 -4.7593332e-002
  5.7458269e-002
  7.5242113e-002
  8.0650294e-002
  1.7691229e-001
  2.4883097e-002
 -3.7860964e-002
 -8.6165101e-002
 -1.7907787e-001
 -2.4610258e-001
 -2.0796947e-001
 -7.6958759e-002
 -8.2239210e-002
 -3.6602957e-003
 -1.5412242e-002
  9.5091663e-002
  6.5118883e-002
 -5.8347871e-002
 -4.8093378e-002
  2.8550870e-002
 -5.8808416e-002
 -1.6250598e-001
  2.9894671e-001
 -1.7797267e-001
  5.3522955e-002
  9.5407087e-003
 -2.3706711e-002
 -1.5353634e-001
 -1.4717484e-001
 -9.7102642e-002
 -8.8214842e-002
 -1.7320350e-002
 -4.2353598e-002
  1.1698526e-001
  1.8588758e-001
 -2.6844748e-002
  1.6767653e-001
  7.1079374e-002
 -7.6228744e-002
  4.1472697e-004
 -3.5060667e-002
 -1.4767777e-002
 -3.9040870e-002
  5.5702432e-002
 -5.0592812e-002
  6.9061805e-002
  3.1230547e-002
 -7.1506403e-002
  8.1194212e-002
  1.7457630e-002
  7.7152479e-002
  1.4379731e-002
  1.4931644e-001
  2.8416556e-003
  1.6381979e-001
 -3.3294688e-002
  8.6868711e-002
 -1.0080983e-002
  8.8055062e-002
 -6.8258459e-002
  8.4932679e-002
  1.1631470e-001
  2.7582793e-003
  1.2039233e-001
  1.3015902e-001
  9.9143692e-002
  7.4929410e-002
  5.0287197e-002
  1.5417755e-001
 -5.9789864e-003
  1.0043658e-001
  4.7290016e-002
 -4.4792605e-002
 -2.3282634e-001
 -3.0860136e-001
 -3.4187634e-001
 -1.4365713e-001
 -3.3943894e-001
  5.9999982e-002
  4.2138889e-004
  1.3641951e-001
  1.8430079e-001
  3.1254190e-001
  3.1295889e-003
  2.9744668e-002
  1.5009701e-001
 -1.1370927e-001
 -1.7930171e-001
 -2.9837632e-002
  2.5431111e-003
 -8.1296714e-002
 -8.6953858e-003
 -6.7661192e-002
 -5.7376002e-002
 -1.4894685e-001
 -1.0258911e-001
 -1.2030007e-001
  2.7104012e-004
 -5.6712400e-002
 -9.3882599e-003
  1.7792848e-001
  1.5014262e-001
 -1.2512667e-001
  1.1447899e-001
 -1.4481579e-002
 -2.5008880e-001
 -1.2185571e-001
 -1.4326673e-001
 -1.6852547e-001
 -5.0573239e-002
 -6.5026147e-002
  6.5745660e-002
 -3.0604873e-002
  2.7324483e-002
  5.7470436e-002
 -1.7347606e-002
 -9.5774964e-002
  4.2078105e-002
 -2.2549442e-002
  1.8443729e-002
  2.6429338e-003
  1.4385288e-001
 -9.0072486e-002
 -4.1766657e-002
  5.0867179e-002
 -1.8228197e-001
 -1.1238379e-001
 -1.3944910e-002
 -4.4635476e-002
 -3.5354253e-002
  1.5435249e-001
  3.9305588e-002
  1.4269481e-001
  8.0320430e-002
  1.3070165e-001
 -5.3087127e-003
  5.7246673e-002
 -5.0861418e-002
  1.1668583e-001
 -4.8848021e-002
 -7.3468290e-003
  8.8445682e-002
  6.3482571e-002
 -6.9203271e-002
  5.8504369e-002
  1.2263127e-001
 -3.8967334e-002
  9.6375963e-002
  6.0132759e-002
  2.3867271e-001
 -8.0884586e-002
  1.8486531e-001
  5.7803669e-002
  1.3750030e-001
 -6.9528114e-002
  1.3440372e-001
  5.8143533e-002
  9.1757727e-002
  1.8919639e-002
  1.8905805e-001
  6.6557172e-002
  1.7368943e-001
  4.7493100e-002
  1.1079109e-001
  1.9613372e-001
 -5.2169007e-002
  2.0714242e-001
  8.5978841e-002
  1.0414629e-001
  8.3110413e-002
 -1.0566258e-001
 -1.4582491e-001
 -4.1413092e-001
 -1.8887487e-001
 -2.3600110e-001
 -1.3234346e-001
 -7.9263503e-002
  2.6934378e-001
  3.9959832e-002
  3.0347037e-001
  2.5059189e-001
 -6.7518690e-003
  9.9435779e-002
  6.9794534e-002
 -1.8362864e-001
 -2.5217999e-002
 -6.3555025e-002
 -2.4891808e-002
  8.6367181e-002
 -1.5200413e-001
  1.0580016e-001
 -1.7290000e-001
 -1.3886244e-001
 -5.4702890e-002
 -8.7408652e-002
 -1.2483943e-001
  2.3955729e-002
  1.9497874e-001
 -4.8657679e-003
  1.2044597e-001
  8.7885208e-002
  4.6384353e-002
 -1.8745832e-001
 -1.0911066e-001
 -1.0998047e-001
 -2.4491389e-001
 -5.4570059e-002
 -2.9042587e-002
 -8.7923081e-002
  1.6246684e-001
 -5.8128844e-002
 -3.2269504e-002
  1.2434842e-001
 -7.3810020e-002
 -1.4353898e-001
  5.0616835e-002
  5.3775947e-002
 -3.1966675e-002
  4.1858991e-003
  1.0288449e-001
  2.2191118e-003
 -7.8055546e-002
 -1.4483494e-001
  7.6561703e-003
 -1.7271344e-001
 -1.1604168e-001
 -7.3738388e-003
  9.1813556e-002
  2.4887695e-002
  8.8295905e-002
  1.5235367e-001
  8.5888381e-002
  2.5853417e-002
  1.4338109e-002
 -3.0756904e-002
  5.3954042e-002
 -7.6329532e-002
  6.5621872e-003
  4.6780644e-002
 -1.4546157e-002
  3.4308969e-002
  1.2935383e-002
 -2.1159224e-002
  8.6189860e-002
 -5.5099010e-002
  6.4096656e-002
  9.7410183e-002
  7.3286275e-002
  8.5140637e-002
  5.7400732e-002
  1.1093683e-001
  5.9463341e-002
 -4.6900433e-002
  3.4201871e-002
  3.8044925e-002
  6.1776627e-002
 -1.2528063e-002
  1.6019875e-001
  1.7655812e-001
 -4.5218570e-002
  2.0887837e-001
  5.7145987e-002
  2.1407308e-002
  7.2807972e-002
  3.5712091e-002
  1.2877940e-001
 -2.0164602e-002
  4.5022365e-002
 -3.0983354e-001
 -2.6884951e-001
 -2.7136471e-001
 -2.8795491e-001
 -2.3081676e-001
  1.7547622e-002
 -8.0548875e-002
  2.2966861e-001
  1.4048331e-001
  2.8986674e-001
 -3.6627425e-002
  1.5463205e-001
  1.0485506e-002
 -9.4366014e-002
 -1.7022403e-001
 -1.4818497e-004
 -1.0053551e-001
 -5.3630207e-002
  6.2805003e-002
 -1.6476608e-001
 -7.2555395e-002
 -1.0060891e-001
 -8.0393817e-002
 -2.3943577e-001
  3.2901332e-002
 -3.4820726e-002
 -8.6613832e-003
  1.4413040e-001
  1.0734651e-001
  7.8507536e-003
  3.5172057e-002
 -1.2494110e-001
 -4.3272321e-002
 -2.6506883e-001
 -2.0074126e-001
  3.8422455e-002
 -2.0245008e-001
 -7.8339795e-002
  1.6606696e-001
 -9.2308550e-002
  1.6932889e-002
  2.6223351e-002
  5.4563456e-002
 -1.7151710e-001
  2.3492709e-002
 -4.7239296e-003
  4.6647579e-002
 -3.7738689e-002
  3.2617740e-002
  5.6889183e-002
 -6.0281410e-002
 -1.6180065e-001
  5.1280953e-002
 -2.2350014e-001
 -3.3874842e-002
 -4.5854031e-002
  5.3852415e-003
  5.0871421e-002
  8.7137020e-002
  1.4158822e-001
  5.1498211e-002
  9.9060361e-002
  9.3758757e-002
 -1.3521154e-001
  8.8744175e-002
  3.4963234e-002
 -5.8046501e-002
  1.0326560e-002
  5.3432776e-002
  6.8771277e-002
 -1.0805857e-001
  1.5035359e-001
 -1.9743658e-002
  7.9561148e-002
  3.8792364e-003
  1.6604849e-001
  3.2373072e-002
  1.5623738e-001
  4.2033783e-002
  1.2087486e-001
  7.2761830e-002
  1.4754094e-002
  3.6600361e-002
  4.3742709e-002
  8.9148993e-002
  5.3985900e-002
  1.1275799e-001
  1.0580664e-001
  1.6668721e-001
  8.2596289e-002
  9.6330830e-002
  1.4131802e-001
  5.3534734e-002
  3.3635362e-002
  1.7886096e-001
  6.9422142e-002
  3.1396185e-002
  3.6133773e-002
 -2.0004854e-001
 -3.2130033e-001
 -2.0459353e-001
 -3.1677926e-001
 -8.5666446e-002
 -9.0189074e-002
  7.6452934e-002
  1.8057028e-001
  2.1724233e-001
  2.2943156e-001
  5.7791640e-002
  1.4953780e-001
 -2.6911138e-002
 -2.0902961e-002
 -1.4459033e-001
 -1.6086000e-002
 -3.7911638e-003
 -5.0237884e-002
  8.0749001e-003
  2.7829679e-002
 -2.0853929e-001
  3.5651431e-003
 -1.0431794e-001
 -1.2955702e-001
 -1.0574485e-001
  9.4018660e-002
  9.0501226e-002
 -7.7012397e-002
  3.1854227e-001
  1.3709997e-002
 -7.7264385e-002
 -8.3114285e-003
 -2.1597121e-002
 -3.0288962e-001
 -9.7601669e-002
 -3.8343282e-002
 -8.2136120e-002
  3.1313240e-003
  5.1533552e-003
  6.2142335e-002
  3.7599644e-002
 -3.1767462e-002
 -5.1573033e-003
 -3.2015820e-002
 -1.4017845e-002
 -2.6618165e-002
  4.3770756e-002
  9.7003324e-002
 -3.3084035e-002
  1.0590665e-001
 -1.4796627e-001
  4.0809709e-002
 -1.1635388e-001
 -2.1720491e-001
  6.4376776e-002
 -8.4174979e-002
  5.2279977e-003
  9.4143595e-002
  4.9917533e-002
  1.9468240e-001
 -2.0149175e-002
  1.2016063e-001
  4.3209484e-002
 -7.8923346e-002
  8.7183150e-002
 -1.6873289e-002
 -5.2734839e-002
  1.0240939e-001
  6.5195264e-002
 -1.4445698e-001
  1.7304509e-001
 -3.1415344e-002
  2.1402057e-002
 -7.6219763e-002
  1.5503768e-001
  2.5866383e-002
  4.7583270e-002
  7.6324825e-002
  1.7540106e-001
  4.2020784e-002
  2.1556924e-003
  7.0573727e-002
  4.6337563e-002
  1.7062491e-002
  3.3010458e-002
  7.4992629e-002
  1.1763123e-001
  4.5936817e-002
  1.0867548e-001
  1.0478540e-001
  6.1638700e-002
  1.2275961e-001
  8.4894934e-003
  9.0233515e-002
  1.1211528e-001
  9.1341684e-002
 -2.6033455e-002
 -2.9260453e-002
 -1.9733385e-001
 -3.5109903e-001
 -3.5155447e-001
 -9.8372594e-002
 -2.2599851e-001
 -6.8475135e-002
  1.2141352e-001
  1.2292204e-001
  2.7935675e-001
  3.2303273e-002
  1.1609282e-001
  8.1934559e-002
 -1.8214767e-002
 -1.6606129e-001
 -3.6186365e-002
 -6.0893187e-002
 -9.4863480e-003
 -7.9233075e-002
  1.7258077e-002
 -2.5874156e-002
 -2.1568267e-001
 -9.4713027e-002
 -1.0695644e-001
 -1.3113365e-001
 -1.3578875e-001
  3.1169263e-002
  7.6581218e-002
  5.8669343e-002
  4.0170899e-002
  1.0571730e-001
 -1.0471192e-001
  4.3658203e-003
 -2.8371761e-001
 -8.2327467e-002
 -1.3624923e-001
 -2.0918024e-001
  4.7855479e-002
 -1.0159621e-001
  8.7252043e-002
 -8.0056208e-002
  1.0061894e-002
  6.0877709e-002
 -1.5964735e-001
  1.2113497e-003
 -2.4557186e-002
 -2.2778536e-002
 -1.8757411e-002
  1.5072920e-001
 -1.3272367e-001
  8.8793469e-002
 -7.1261107e-002
 -1.0722939e-001
 -1.4571876e-001
 -9.7243646e-002
 -1.0625652e-002
 -1.7739835e-001
  1.2192466e-001
  5.6018763e-002
  5.9166621e-002
  7.1763760e-002
  1.1383116e-001
  1.0649907e-001
 -1.4525983e-001
  1.1586716e-001
 -2.6202682e-002
 -3.2427547e-002
  2.1788344e-002
 -2.8945527e-003
  1.2557992e-001
 -1.2764479e-001
  8.2870456e-002
  2.8673435e-002
 -4.6499857e-002
 -2.0932442e-003
  9.5508364e-002
  7.9557628e-002
  5.1514662e-003
  1.8085751e-001
  6.5672704e-002
  3.5987319e-002
  8.3846678e-002
 -3.2735710e-003
  9.3447253e-003
  8.5809286e-002
 -4.5402732e-002
  1.7867748e-001
  7.2549564e-004
  2.5012952e-001
 -7.9909679e-002
  1.5403721e-001
  1.7750954e-001
 -1.3175082e-001
  1.5464407e-001
  1.2582863e-001
  7.6450872e-002
  8.0729310e-002
  7.1039525e-002
  1.8444785e-002
 -2.3676370e-001
 -3.0246020e-001
 -2.5712396e-001
 -1.8032291e-001
 -1.7853881e-001
 -9.1673171e-002
  1.1845935e-001
  2.8609377e-001
 -5.9691193e-003
  2.8500412e-001
  1.3924574e-001
 -3.2350681e-002
 -2.8992122e-003
  1.7005344e-003
 -1.0425283e-001
 -8.8279892e-002
  7.9264242e-002
 -6.3643544e-003
 -4.9272565e-002
  3.4841658e-002
 -1.0117784e-001
 -1.5604283e-001
 -3.9835415e-002
 -1.5091419e-001
 -7.3895536e-002
 -1.1675234e-003
  1.2237252e-001
  1.9251890e-002
  1.6669098e-001
  3.7176653e-003
  7.3804351e-003
 -4.7295604e-003
 -2.1676636e-001
 -5.1727709e-002
 -1.8981114e-001
 -1.4983418e-003
 -1.0088843e-001
  1.0042187e-002
  9.1380433e-002
 -5.9496942e-002
  6.1454266e-002
  5.9691634e-003
 -6.8138758e-002
  7.8299347e-005
 -1.6657962e-002
 -1.4339696e-002
  8.7177772e-002
  5.1793936e-002
 -1.8001758e-002
  7.5881279e-002
 -3.5945911e-002
 -5.9637675e-002
 -1.3502020e-001
 -3.5893037e-002
 -4.3212846e-002
 -9.0519450e-002
  1.2215943e-001
  2.5765870e-002
  1.0418888e-001
  1.0729559e-001
  8.9558181e-002
  5.5179030e-002
  3.1069386e-002
  2.0224321e-002
  3.5267863e-002
 -1.1905079e-002
  3.9269384e-002
  9.4208891e-002
 -9.2343107e-002
  9.5560973e-002
  7.5429357e-002
 -1.1392933e-001
  8.7251662e-002
  4.8253764e-002
  7.0605885e-002
  8.6500482e-003
  1.8514124e-001
  9.9211031e-002
  1.6140143e-002
  1.4179843e-001
 -9.2885964e-003
  6.3517818e-002
 -1.2011022e-002
  5.0063005e-002
  5.4852042e-002
  1.5046605e-001
 -3.2612584e-003
  1.6024268e-001
  1.5068101e-001
 -2.4162782e-002
  1.1448412e-001
  4.5429579e-002
  7.0501059e-002
 -3.3776209e-003
  1.9629940e-001
 -1.2343958e-002
  1.0759657e-001
 -5.9847924e-002
 -2.2097300e-001
 -2.9480179e-001
 -1.8741226e-001
 -2.7461467e-001
 -1.1574159e-001
 -1.0024497e-001
  2.2032886e-001
 -2.1344681e-002
  3.0734518e-001
  6.7808133e-002
  1.2198654e-001
 -1.9059380e-002
 -1.0478962e-002
 -2.9424817e-002
 -1.6643578e-001
 -3.3963331e-002
  3.5329130e-002
 -3.9461133e-002
 -2.5251197e-002
 -4.1719390e-002
 -7.8691145e-002
 -1.2487474e-001
 -1.4730827e-001
 -8.3424815e-002
 -7.7356558e-002
 -4.4510368e-002
  7.1154420e-002
  5.8760910e-002
  8.9015895e-002
 -9.0226442e-002
  7.8133125e-002
 -1.0799027e-001
 -2.1532080e-001
 -7.6518715e-002
 -1.6673003e-001
 -3.2795397e-002
 -1.4789918e-001
  6.6780170e-002
 -8.1156790e-003
 -1.2429467e-002
 -6.3018238e-002
  6.4151884e-002
 -1.1034825e-001
 -4.4823325e-002
 -9.8633948e-002
  9.6480839e-002
  5.9712248e-003
 -9.1205384e-002
  4.9776611e-002
  1.1193603e-001
 -2.7170135e-001
  3.9729520e-002
 -1.7527483e-001
 -4.5908859e-002
 -1.0516162e-001
 -3.7488858e-002
  3.5117749e-002
  7.1190944e-002
  3.5843357e-002
  2.5396378e-002
  1.3000710e-001
 -1.6673189e-002
 -3.4195859e-003
 -2.0268075e-002
  4.3480978e-002
  2.5595020e-002
 -4.4969169e-002
  2.9741678e-003
  1.0311859e-001
 -8.7282969e-002
 -9.5993186e-003
 -9.3118893e-003
  1.7088431e-003
  2.5253067e-002
 -1.8844110e-002
  1.4261804e-001
  2.9980085e-002
  1.0981568e-001
  2.5015973e-002
  6.7085029e-002
 -3.7946916e-004
