 -2.1093750e-001
 -3.6718750e-001
 -3.4375000e-001
 -3.1250000e-001
 -2.6562500e-001
 -2.2656250e-001
 -8.5937500e-002
  1.1718750e-001
  2.3437500e-001
  2.3437500e-001
  1.6406250e-001
  1.4062500e-001
  1.1718750e-001
  0.0000000e+000
 -1.0937500e-001
 -8.5937500e-002
 -3.1250000e-002
 -2.3437500e-002
 -5.4687500e-002
 -9.3750000e-002
 -1.2500000e-001
 -1.4062500e-001
 -1.6406250e-001
 -1.9531250e-001
 -1.6406250e-001
 -7.8125000e-002
 -7.8125000e-003
  8.5937500e-002
  1.4843750e-001
  1.3281250e-001
  9.3750000e-002
  3.1250000e-002
 -9.3750000e-002
 -1.7968750e-001
 -1.9531250e-001
 -2.0312500e-001
 -1.7187500e-001
 -1.0937500e-001
 -5.4687500e-002
  0.0000000e+000
  5.4687500e-002
  5.4687500e-002
 -7.8125000e-003
 -3.9062500e-002
 -2.3437500e-002
 -7.8125000e-003
  0.0000000e+000
  1.5625000e-002
  1.5625000e-002
  2.3437500e-002
  2.3437500e-002
 -3.1250000e-002
 -1.0156250e-001
 -1.1718750e-001
 -1.0937500e-001
 -8.5937500e-002
 -4.6875000e-002
  1.5625000e-002
  7.0312500e-002
  1.2500000e-001
  1.3281250e-001
  9.3750000e-002
  5.4687500e-002
  3.1250000e-002
  0.0000000e+000
 -1.5625000e-002
 -2.3437500e-002
  0.0000000e+000
  3.1250000e-002
  5.4687500e-002
  5.4687500e-002
  3.1250000e-002
  3.1250000e-002
  3.1250000e-002
  1.5625000e-002
  2.3437500e-002
  3.9062500e-002
  7.8125000e-002
  1.0937500e-001
  1.0937500e-001
  1.0937500e-001
  7.8125000e-002
  7.8125000e-002
  6.2500000e-002
  3.1250000e-002
  5.4687500e-002
  9.3750000e-002
  1.4062500e-001
  1.6406250e-001
  1.6406250e-001
  1.5625000e-001
  1.3281250e-001
  1.1718750e-001
  1.0156250e-001
  6.2500000e-002
  9.3750000e-002
  3.9062500e-002
 -2.4218750e-001
 -3.6718750e-001
 -3.2812500e-001
 -2.6562500e-001
 -2.3437500e-001
 -2.0312500e-001
 -3.9062500e-002
  1.5625000e-001
  2.6562500e-001
  2.5000000e-001
  1.7187500e-001
  1.6406250e-001
  1.2500000e-001
 -1.5625000e-002
 -1.0937500e-001
 -8.5937500e-002
 -3.9062500e-002
 -3.1250000e-002
 -5.4687500e-002
 -8.5937500e-002
 -1.0937500e-001
 -1.0937500e-001
 -1.2500000e-001
 -1.5625000e-001
 -1.2500000e-001
 -5.4687500e-002
  3.1250000e-002
  1.0937500e-001
  1.4843750e-001
  1.2500000e-001
  8.5937500e-002
  1.5625000e-002
 -1.0937500e-001
 -1.8750000e-001
 -2.0312500e-001
 -2.0312500e-001
 -1.4843750e-001
 -7.8125000e-002
 -2.3437500e-002
  3.9062500e-002
  9.3750000e-002
  7.0312500e-002
  1.5625000e-002
 -1.5625000e-002
 -1.5625000e-002
 -2.3437500e-002
 -7.8125000e-003
  0.0000000e+000
  7.8125000e-003
  2.3437500e-002
  1.5625000e-002
 -3.9062500e-002
 -8.5937500e-002
 -1.0156250e-001
 -9.3750000e-002
 -7.8125000e-002
 -3.1250000e-002
  3.1250000e-002
  7.8125000e-002
  1.2500000e-001
  1.3281250e-001
  9.3750000e-002
  5.4687500e-002
  2.3437500e-002
 -1.5625000e-002
 -3.9062500e-002
 -3.1250000e-002
 -7.8125000e-003
  3.9062500e-002
  7.0312500e-002
  6.2500000e-002
  5.4687500e-002
  3.9062500e-002
  1.5625000e-002
  1.5625000e-002
  0.0000000e+000
  2.3437500e-002
  6.2500000e-002
  8.5937500e-002
  9.3750000e-002
  8.5937500e-002
  7.0312500e-002
  6.2500000e-002
  5.4687500e-002
  4.6875000e-002
  5.4687500e-002
  8.5937500e-002
  1.1718750e-001
  1.4843750e-001
  1.5625000e-001
  1.5625000e-001
  1.4062500e-001
  1.4062500e-001
  1.1718750e-001
  7.8125000e-002
  1.0937500e-001
 -2.3437500e-002
 -3.1250000e-001
 -3.6718750e-001
 -3.3593750e-001
 -2.8906250e-001
 -2.5000000e-001
 -1.7968750e-001
  7.8125000e-003
  1.7968750e-001
  2.5781250e-001
  2.1875000e-001
  1.4062500e-001
  1.3281250e-001
  7.8125000e-002
 -6.2500000e-002
 -1.1718750e-001
 -7.8125000e-002
 -3.9062500e-002
 -3.1250000e-002
 -5.4687500e-002
 -1.0156250e-001
 -1.4062500e-001
 -1.4843750e-001
 -1.7187500e-001
 -1.8750000e-001
 -1.4062500e-001
 -5.4687500e-002
  3.9062500e-002
  1.3281250e-001
  1.4843750e-001
  1.0156250e-001
  5.4687500e-002
 -1.5625000e-002
 -1.4062500e-001
 -2.1875000e-001
 -2.1875000e-001
 -2.0312500e-001
 -1.4062500e-001
 -7.0312500e-002
 -2.3437500e-002
  3.9062500e-002
  7.8125000e-002
  4.6875000e-002
 -2.3437500e-002
 -4.6875000e-002
 -3.9062500e-002
 -3.1250000e-002
 -1.5625000e-002
  7.8125000e-003
  7.8125000e-003
  3.1250000e-002
  1.5625000e-002
 -3.9062500e-002
 -9.3750000e-002
 -1.0937500e-001
 -1.0156250e-001
 -7.0312500e-002
 -2.3437500e-002
  3.9062500e-002
  9.3750000e-002
  1.3281250e-001
  1.2500000e-001
  7.0312500e-002
  2.3437500e-002
  0.0000000e+000
 -2.3437500e-002
 -3.9062500e-002
 -2.3437500e-002
  1.5625000e-002
  5.4687500e-002
  7.8125000e-002
  7.0312500e-002
  3.9062500e-002
  2.3437500e-002
  1.5625000e-002
  7.8125000e-003
  7.8125000e-003
  3.1250000e-002
  5.4687500e-002
  8.5937500e-002
  9.3750000e-002
  8.5937500e-002
  7.8125000e-002
  7.8125000e-002
  7.0312500e-002
  4.6875000e-002
  6.2500000e-002
  1.0156250e-001
  1.2500000e-001
  1.5625000e-001
  1.6406250e-001
  1.4062500e-001
  1.4062500e-001
  1.2500000e-001
  9.3750000e-002
  1.1718750e-001
 -2.3437500e-002
 -3.1250000e-001
 -3.5937500e-001
 -3.2812500e-001
 -2.6562500e-001
 -2.2656250e-001
 -1.4843750e-001
  3.1250000e-002
  2.0312500e-001
  2.8125000e-001
  2.3437500e-001
  1.4062500e-001
  1.2500000e-001
  7.0312500e-002
 -5.4687500e-002
 -1.0937500e-001
 -6.2500000e-002
 -2.3437500e-002
 -7.8125000e-003
 -2.3437500e-002
 -8.5937500e-002
 -1.3281250e-001
 -1.3281250e-001
 -1.5625000e-001
 -1.7187500e-001
 -1.2500000e-001
 -3.1250000e-002
  6.2500000e-002
  1.5625000e-001
  1.8750000e-001
  1.4062500e-001
  7.0312500e-002
  0.0000000e+000
 -1.0937500e-001
 -2.1093750e-001
 -2.3437500e-001
 -2.0312500e-001
 -1.6406250e-001
 -7.8125000e-002
  0.0000000e+000
  4.6875000e-002
  8.5937500e-002
  7.8125000e-002
  1.5625000e-002
 -3.1250000e-002
 -2.3437500e-002
 -1.5625000e-002
 -7.8125000e-003
  7.8125000e-003
  1.5625000e-002
  2.3437500e-002
  2.3437500e-002
 -2.3437500e-002
 -7.8125000e-002
 -1.0156250e-001
 -9.3750000e-002
 -7.0312500e-002
 -1.5625000e-002
  3.9062500e-002
  8.5937500e-002
  1.1718750e-001
  1.3281250e-001
  1.0156250e-001
  3.9062500e-002
  7.8125000e-003
 -7.8125000e-003
 -2.3437500e-002
 -1.5625000e-002
  7.8125000e-003
  3.9062500e-002
  7.8125000e-002
  8.5937500e-002
  4.6875000e-002
  2.3437500e-002
  7.8125000e-003
 -7.8125000e-003
  0.0000000e+000
  2.3437500e-002
  4.6875000e-002
  7.8125000e-002
  1.1718750e-001
  1.0937500e-001
  8.5937500e-002
  9.3750000e-002
  8.5937500e-002
  7.0312500e-002
  5.4687500e-002
  6.2500000e-002
  7.0312500e-002
  1.0156250e-001
  1.3281250e-001
  1.2500000e-001
  1.1718750e-001
  1.2500000e-001
  1.0937500e-001
  9.3750000e-002
  8.5937500e-002
 -1.4843750e-001
 -3.5937500e-001
 -3.4375000e-001
 -3.0468750e-001
 -2.4218750e-001
 -1.8750000e-001
 -6.2500000e-002
  1.0156250e-001
  2.1875000e-001
  2.5000000e-001
  1.7187500e-001
  9.3750000e-002
  7.8125000e-002
 -7.8125000e-003
 -9.3750000e-002
 -8.5937500e-002
 -5.4687500e-002
 -1.5625000e-002
  1.5625000e-002
 -7.8125000e-003
 -8.5937500e-002
 -1.3281250e-001
 -1.4062500e-001
 -1.7187500e-001
 -1.7187500e-001
 -1.0937500e-001
 -3.1250000e-002
  7.0312500e-002
  1.5625000e-001
  1.4062500e-001
  7.8125000e-002
  3.9062500e-002
 -3.9062500e-002
 -1.4062500e-001
 -2.1093750e-001
 -2.2656250e-001
 -1.9531250e-001
 -1.1718750e-001
 -4.6875000e-002
 -7.8125000e-003
  3.1250000e-002
  7.0312500e-002
  3.9062500e-002
 -2.3437500e-002
 -4.6875000e-002
 -4.6875000e-002
 -3.1250000e-002
  0.0000000e+000
  7.8125000e-003
  7.8125000e-003
  1.5625000e-002
  1.5625000e-002
 -3.9062500e-002
 -9.3750000e-002
 -1.0937500e-001
 -1.0156250e-001
 -6.2500000e-002
 -7.8125000e-003
  3.9062500e-002
  8.5937500e-002
  1.1718750e-001
  1.0937500e-001
  6.2500000e-002
  1.5625000e-002
 -7.8125000e-003
 -2.3437500e-002
 -2.3437500e-002
 -7.8125000e-003
  7.8125000e-003
  3.9062500e-002
  7.0312500e-002
  4.6875000e-002
  2.3437500e-002
  1.5625000e-002
  7.8125000e-003
  1.5625000e-002
  1.5625000e-002
  2.3437500e-002
  4.6875000e-002
  7.8125000e-002
  1.0156250e-001
  9.3750000e-002
  7.8125000e-002
  6.2500000e-002
  6.2500000e-002
  5.4687500e-002
  4.6875000e-002
  5.4687500e-002
  6.2500000e-002
  7.0312500e-002
  4.6875000e-002
  4.6875000e-002
  7.8125000e-002
  1.0937500e-001
  1.4062500e-001
  1.7187500e-001
  1.0937500e-001
 -1.4843750e-001
 -3.2812500e-001
 -3.2031250e-001
 -2.9687500e-001
 -2.8125000e-001
 -2.1875000e-001
 -7.8125000e-002
  9.3750000e-002
  2.1875000e-001
  2.3437500e-001
  1.6406250e-001
  1.2500000e-001
  7.8125000e-002
 -2.3437500e-002
 -8.5937500e-002
 -7.8125000e-002
 -3.9062500e-002
  1.5625000e-002
  3.1250000e-002
  0.0000000e+000
 -6.2500000e-002
 -9.3750000e-002
 -1.3281250e-001
 -1.7968750e-001
 -1.7968750e-001
 -1.4843750e-001
 -6.2500000e-002
  6.2500000e-002
  1.4062500e-001
  1.4843750e-001
  1.1718750e-001
  6.2500000e-002
 -1.5625000e-002
 -1.2500000e-001
 -2.0312500e-001
 -2.2656250e-001
 -1.8750000e-001
 -1.0937500e-001
 -3.9062500e-002
  2.3437500e-002
  7.0312500e-002
  7.8125000e-002
  4.6875000e-002
 -1.5625000e-002
 -4.6875000e-002
 -5.4687500e-002
 -3.1250000e-002
  0.0000000e+000
  2.3437500e-002
  3.9062500e-002
  5.4687500e-002
  3.9062500e-002
 -1.5625000e-002
 -7.0312500e-002
 -9.3750000e-002
 -8.5937500e-002
 -4.6875000e-002
  7.8125000e-003
  5.4687500e-002
  1.0156250e-001
  1.3281250e-001
  1.2500000e-001
  7.8125000e-002
  3.1250000e-002
  0.0000000e+000
 -1.5625000e-002
 -1.5625000e-002
  7.8125000e-003
  4.6875000e-002
  7.0312500e-002
  9.3750000e-002
  9.3750000e-002
  5.4687500e-002
  3.1250000e-002
  7.8125000e-003
  0.0000000e+000
  1.5625000e-002
  4.6875000e-002
  9.3750000e-002
  1.1718750e-001
  1.4843750e-001
  1.4062500e-001
  1.0156250e-001
  7.8125000e-002
  7.0312500e-002
  6.2500000e-002
  8.5937500e-002
  1.0937500e-001
  1.3281250e-001
  1.4843750e-001
  1.5625000e-001
  1.7187500e-001
  1.5625000e-001
  1.4062500e-001
  1.6406250e-001
  7.8125000e-003
 -3.0468750e-001
 -3.5937500e-001
 -3.3593750e-001
 -2.8906250e-001
 -2.2656250e-001
 -1.4843750e-001
  2.3437500e-002
  2.0312500e-001
  2.9687500e-001
  2.5000000e-001
  1.3281250e-001
  9.3750000e-002
  5.4687500e-002
 -4.6875000e-002
 -1.0156250e-001
 -7.8125000e-002
 -3.1250000e-002
  1.5625000e-002
  7.8125000e-003
 -6.2500000e-002
 -1.4062500e-001
 -1.6406250e-001
 -1.7187500e-001
 -1.7968750e-001
 -1.4062500e-001
 -6.2500000e-002
  5.4687500e-002
  1.7187500e-001
  2.1093750e-001
  1.6406250e-001
  9.3750000e-002
  0.0000000e+000
 -1.0937500e-001
 -2.1093750e-001
 -2.7343750e-001
 -2.7343750e-001
 -1.9531250e-001
 -1.0156250e-001
 -3.1250000e-002
  3.1250000e-002
  7.0312500e-002
  7.0312500e-002
  3.9062500e-002
 -7.8125000e-003
 -3.1250000e-002
 -3.1250000e-002
 -1.5625000e-002
  0.0000000e+000
  0.0000000e+000
  0.0000000e+000
 -7.8125000e-003
 -3.1250000e-002
 -7.8125000e-002
 -1.1718750e-001
 -1.2500000e-001
 -9.3750000e-002
 -3.1250000e-002
  2.3437500e-002
  7.0312500e-002
  1.0937500e-001
  1.2500000e-001
  1.0937500e-001
  6.2500000e-002
  7.8125000e-003
 -3.1250000e-002
 -3.9062500e-002
 -3.1250000e-002
 -1.5625000e-002
  1.5625000e-002
  5.4687500e-002
  6.2500000e-002
  5.4687500e-002
  2.3437500e-002
 -7.8125000e-003
 -1.5625000e-002
  0.0000000e+000
  3.1250000e-002
  4.6875000e-002
  7.8125000e-002
  1.0156250e-001
  1.0937500e-001
  1.0156250e-001
  6.2500000e-002
  3.1250000e-002
  2.3437500e-002
  3.1250000e-002
  5.4687500e-002
  7.8125000e-002
  1.3281250e-001
  1.5625000e-001
  1.6406250e-001
  1.5625000e-001
  1.2500000e-001
  1.0937500e-001
  1.0156250e-001
  1.2500000e-001
 -7.8125000e-002
 -3.4375000e-001
 -3.5156250e-001
 -3.2812500e-001
 -2.5781250e-001
 -2.1875000e-001
 -1.4843750e-001
  3.1250000e-002
  2.0312500e-001
  2.8125000e-001
  2.1875000e-001
  1.1718750e-001
  1.0156250e-001
  5.4687500e-002
 -3.9062500e-002
 -9.3750000e-002
 -8.5937500e-002
 -3.1250000e-002
  0.0000000e+000
 -2.3437500e-002
 -9.3750000e-002
 -1.6406250e-001
 -1.6406250e-001
 -1.6406250e-001
 -1.6406250e-001
 -1.2500000e-001
 -4.6875000e-002
  7.8125000e-002
  1.8750000e-001
  2.1093750e-001
  1.5625000e-001
  8.5937500e-002
  0.0000000e+000
 -1.1718750e-001
 -2.1093750e-001
 -2.7343750e-001
 -2.8125000e-001
 -1.9531250e-001
 -1.0156250e-001
 -3.1250000e-002
  3.1250000e-002
  7.8125000e-002
  7.8125000e-002
  4.6875000e-002
  7.8125000e-003
 -2.3437500e-002
 -3.1250000e-002
 -7.8125000e-003
  7.8125000e-003
  0.0000000e+000
  0.0000000e+000
  0.0000000e+000
 -3.1250000e-002
 -7.0312500e-002
 -1.0937500e-001
 -1.0937500e-001
 -7.8125000e-002
 -1.5625000e-002
  3.9062500e-002
  7.8125000e-002
  1.1718750e-001
  1.3281250e-001
  1.0937500e-001
  6.2500000e-002
  7.8125000e-003
 -3.1250000e-002
 -3.1250000e-002
 -7.8125000e-003
  7.8125000e-003
  3.1250000e-002
  7.0312500e-002
  8.5937500e-002
  7.0312500e-002
  3.9062500e-002
  7.8125000e-003
  7.8125000e-003
  1.5625000e-002
  3.1250000e-002
  4.6875000e-002
  7.8125000e-002
  1.1718750e-001
  1.3281250e-001
  1.0937500e-001
  7.8125000e-002
  4.6875000e-002
  3.9062500e-002
  4.6875000e-002
  7.0312500e-002
  1.0937500e-001
  1.3281250e-001
  1.4843750e-001
  1.7187500e-001
  1.6406250e-001
  1.4843750e-001
  1.2500000e-001
  1.3281250e-001
  1.4843750e-001
 -4.6875000e-002
 -3.3593750e-001
 -3.5937500e-001
 -3.2031250e-001
 -2.4218750e-001
 -2.1093750e-001
 -1.4843750e-001
  3.9062500e-002
  2.1875000e-001
  3.1250000e-001
  2.4218750e-001
  1.2500000e-001
  9.3750000e-002
  6.2500000e-002
 -2.3437500e-002
 -8.5937500e-002
 -8.5937500e-002
 -3.1250000e-002
  1.5625000e-002
  7.8125000e-003
 -7.0312500e-002
 -1.4843750e-001
 -1.5625000e-001
 -1.5625000e-001
 -1.5625000e-001
 -1.2500000e-001
 -4.6875000e-002
  7.8125000e-002
  2.0312500e-001
  2.3437500e-001
  1.7187500e-001
  9.3750000e-002
  1.5625000e-002
 -1.0156250e-001
 -2.1093750e-001
 -2.7343750e-001
 -2.8906250e-001
 -2.1093750e-001
 -1.0156250e-001
 -3.1250000e-002
  2.3437500e-002
  7.0312500e-002
  8.5937500e-002
  5.4687500e-002
  1.5625000e-002
 -1.5625000e-002
 -3.1250000e-002
 -7.8125000e-003
  7.8125000e-003
  0.0000000e+000
 -7.8125000e-003
 -1.5625000e-002
 -3.9062500e-002
 -7.8125000e-002
 -1.0937500e-001
 -1.2500000e-001
 -9.3750000e-002
 -2.3437500e-002
  3.9062500e-002
  7.0312500e-002
  1.0937500e-001
  1.2500000e-001
  1.0156250e-001
  5.4687500e-002
  0.0000000e+000
 -3.9062500e-002
 -4.6875000e-002
 -2.3437500e-002
  0.0000000e+000
  1.5625000e-002
  4.6875000e-002
  5.4687500e-002
  4.6875000e-002
  2.3437500e-002
  7.8125000e-003
  0.0000000e+000
  7.8125000e-003
  3.9062500e-002
  4.6875000e-002
  7.0312500e-002
  8.5937500e-002
  8.5937500e-002
  7.8125000e-002
  3.9062500e-002
  3.9062500e-002
  3.1250000e-002
  3.1250000e-002
  6.2500000e-002
  8.5937500e-002
  1.1718750e-001
  1.3281250e-001
  1.4843750e-001
  1.4843750e-001
  1.1718750e-001
  1.1718750e-001
  9.3750000e-002
  1.2500000e-001
  7.8125000e-003
 -3.0468750e-001
 -3.5937500e-001
 -3.3593750e-001
 -2.7343750e-001
 -2.2656250e-001
 -1.8750000e-001
 -2.3437500e-002
  1.6406250e-001
  2.8906250e-001
  2.5781250e-001
  1.3281250e-001
  9.3750000e-002
  7.0312500e-002
 -1.5625000e-002
 -8.5937500e-002
 -1.0937500e-001
 -7.8125000e-002
 -2.3437500e-002
 -7.8125000e-003
 -7.0312500e-002
 -1.4843750e-001
 -1.5625000e-001
 -1.5625000e-001
 -1.5625000e-001
 -1.2500000e-001
 -7.0312500e-002
  3.1250000e-002
  1.6406250e-001
  2.1875000e-001
  1.7968750e-001
  1.0156250e-001
  3.1250000e-002
 -7.0312500e-002
 -1.9531250e-001
 -2.7343750e-001
 -2.9687500e-001
 -2.5000000e-001
 -1.3281250e-001
 -4.6875000e-002
  7.8125000e-003
  7.0312500e-002
  9.3750000e-002
  7.8125000e-002
  3.1250000e-002
 -7.8125000e-003
 -3.9062500e-002
 -3.1250000e-002
  0.0000000e+000
 -1.5625000e-002
 -2.3437500e-002
 -1.5625000e-002
 -3.1250000e-002
 -6.2500000e-002
 -9.3750000e-002
 -1.0937500e-001
 -9.3750000e-002
 -3.9062500e-002
  3.1250000e-002
  6.2500000e-002
  1.0156250e-001
  1.2500000e-001
  1.0937500e-001
  7.0312500e-002
  7.8125000e-003
 -3.9062500e-002
 -6.2500000e-002
 -3.9062500e-002
 -1.5625000e-002
  1.5625000e-002
  6.2500000e-002
  8.5937500e-002
  7.8125000e-002
  6.2500000e-002
  2.3437500e-002
 -7.8125000e-003
 -7.8125000e-003
  1.5625000e-002
  3.1250000e-002
  5.4687500e-002
  8.5937500e-002
  1.0156250e-001
  1.0156250e-001
  9.3750000e-002
  5.4687500e-002
  3.9062500e-002
  4.6875000e-002
  6.2500000e-002
  7.8125000e-002
  1.1718750e-001
  1.5625000e-001
  1.5625000e-001
  1.6406250e-001
  1.5625000e-001
  1.2500000e-001
  1.1718750e-001
  1.6406250e-001
  2.3437500e-002
 -2.9687500e-001
 -3.5937500e-001
 -3.3593750e-001
 -2.6562500e-001
 -2.0312500e-001
 -1.7187500e-001
 -2.3437500e-002
  1.7968750e-001
  3.2031250e-001
  2.7343750e-001
  1.4062500e-001
  9.3750000e-002
  7.8125000e-002
  0.0000000e+000
 -7.0312500e-002
 -1.0156250e-001
 -7.0312500e-002
  0.0000000e+000
  1.5625000e-002
 -5.4687500e-002
 -1.4062500e-001
 -1.5625000e-001
 -1.5625000e-001
 -1.4843750e-001
 -1.1718750e-001
 -7.0312500e-002
  3.9062500e-002
  1.8750000e-001
  2.5000000e-001
  2.1093750e-001
  1.1718750e-001
  3.9062500e-002
 -7.0312500e-002
 -1.7968750e-001
 -2.5000000e-001
 -2.8906250e-001
 -2.4218750e-001
 -1.1718750e-001
 -2.3437500e-002
  2.3437500e-002
  6.2500000e-002
  8.5937500e-002
  7.0312500e-002
  3.9062500e-002
  0.0000000e+000
 -3.1250000e-002
 -7.8125000e-003
  2.3437500e-002
  2.3437500e-002
  0.0000000e+000
 -1.5625000e-002
 -3.9062500e-002
 -6.2500000e-002
 -8.5937500e-002
 -1.0937500e-001
 -9.3750000e-002
 -2.3437500e-002
  3.9062500e-002
  7.8125000e-002
  9.3750000e-002
  1.0937500e-001
  1.0156250e-001
  7.0312500e-002
  2.3437500e-002
 -2.3437500e-002
 -4.6875000e-002
 -3.1250000e-002
 -7.8125000e-003
  1.5625000e-002
  3.9062500e-002
  6.2500000e-002
  6.2500000e-002
  5.4687500e-002
  2.3437500e-002
  0.0000000e+000
  0.0000000e+000
  2.3437500e-002
  4.6875000e-002
  6.2500000e-002
  7.8125000e-002
  9.3750000e-002
  9.3750000e-002
  7.8125000e-002
  3.9062500e-002
  2.3437500e-002
  3.1250000e-002
  6.2500000e-002
  7.8125000e-002
  1.0156250e-001
  1.2500000e-001
  1.2500000e-001
  1.4062500e-001
  1.2500000e-001
  1.0156250e-001
  9.3750000e-002
  1.2500000e-001
  1.0937500e-001
 -1.7187500e-001
 -3.5937500e-001
 -3.4375000e-001
 -2.9687500e-001
 -2.1875000e-001
 -1.9531250e-001
 -1.0156250e-001
  8.5937500e-002
  2.6562500e-001
  3.0468750e-001
  1.8750000e-001
  8.5937500e-002
  7.0312500e-002
  1.5625000e-002
 -6.2500000e-002
 -1.1718750e-001
 -1.0937500e-001
 -4.6875000e-002
  0.0000000e+000
 -1.5625000e-002
 -1.0937500e-001
 -1.5625000e-001
 -1.5625000e-001
 -1.5625000e-001
 -1.4062500e-001
 -1.0937500e-001
 -3.1250000e-002
  1.0156250e-001
  2.0312500e-001
  2.0312500e-001
  1.3281250e-001
  4.6875000e-002
 -6.2500000e-002
 -1.6406250e-001
 -2.2656250e-001
 -2.8125000e-001
 -2.5781250e-001
 -1.4843750e-001
 -4.6875000e-002
  7.8125000e-003
  4.6875000e-002
  6.2500000e-002
  4.6875000e-002
  2.3437500e-002
 -7.8125000e-003
 -5.4687500e-002
 -4.6875000e-002
  0.0000000e+000
  1.5625000e-002
  7.8125000e-003
 -7.8125000e-003
 -2.3437500e-002
 -5.4687500e-002
 -7.8125000e-002
 -1.0156250e-001
 -1.1718750e-001
 -7.0312500e-002
  7.8125000e-003
  5.4687500e-002
  8.5937500e-002
  1.0156250e-001
  9.3750000e-002
  7.0312500e-002
  2.3437500e-002
 -2.3437500e-002
 -5.4687500e-002
 -4.6875000e-002
  0.0000000e+000
  3.1250000e-002
  5.4687500e-002
  7.0312500e-002
  7.0312500e-002
  5.4687500e-002
  2.3437500e-002
 -7.8125000e-003
 -2.3437500e-002
  0.0000000e+000
  3.9062500e-002
  5.4687500e-002
  7.8125000e-002
  9.3750000e-002
  9.3750000e-002
  8.5937500e-002
  5.4687500e-002
  1.5625000e-002
  3.1250000e-002
  6.2500000e-002
  8.5937500e-002
  1.0937500e-001
  1.2500000e-001
  1.3281250e-001
  1.3281250e-001
  1.4062500e-001
  1.0937500e-001
  8.5937500e-002
  1.3281250e-001
  1.1718750e-001
 -1.7187500e-001
 -3.5937500e-001
 -3.4375000e-001
 -2.9687500e-001
 -2.1875000e-001
 -1.8750000e-001
 -1.0156250e-001
  9.3750000e-002
  2.8125000e-001
  3.2031250e-001
  2.0312500e-001
  1.0156250e-001
  8.5937500e-002
  3.1250000e-002
 -4.6875000e-002
 -1.0156250e-001
 -1.0156250e-001
 -3.9062500e-002
  2.3437500e-002
  0.0000000e+000
 -9.3750000e-002
 -1.4843750e-001
 -1.5625000e-001
 -1.5625000e-001
 -1.3281250e-001
 -9.3750000e-002
 -2.3437500e-002
  1.0937500e-001
  2.2656250e-001
  2.3437500e-001
  1.5625000e-001
  5.4687500e-002
 -6.2500000e-002
 -1.4843750e-001
 -2.1093750e-001
 -2.7343750e-001
 -2.5000000e-001
 -1.4062500e-001
 -2.3437500e-002
  3.9062500e-002
  7.0312500e-002
  7.0312500e-002
  4.6875000e-002
  3.9062500e-002
  0.0000000e+000
 -4.6875000e-002
 -3.1250000e-002
  1.5625000e-002
  4.6875000e-002
  3.9062500e-002
  2.3437500e-002
 -7.8125000e-003
 -3.9062500e-002
 -6.2500000e-002
 -1.0156250e-001
 -1.1718750e-001
 -6.2500000e-002
  7.8125000e-003
  7.8125000e-002
  1.0937500e-001
  1.2500000e-001
  1.0937500e-001
  8.5937500e-002
  3.9062500e-002
 -1.5625000e-002
 -4.6875000e-002
 -3.9062500e-002
  7.8125000e-003
  4.6875000e-002
  7.0312500e-002
  7.8125000e-002
  7.8125000e-002
  6.2500000e-002
  2.3437500e-002
 -7.8125000e-003
 -1.5625000e-002
  0.0000000e+000
  3.9062500e-002
  7.8125000e-002
  9.3750000e-002
  1.0156250e-001
  1.1718750e-001
  1.0156250e-001
  6.2500000e-002
  3.1250000e-002
  2.3437500e-002
  4.6875000e-002
  8.5937500e-002
  1.1718750e-001
  1.4843750e-001
  1.5625000e-001
  1.5625000e-001
  1.4062500e-001
  1.0937500e-001
  8.5937500e-002
  1.0937500e-001
  1.0937500e-001
 -1.5625000e-001
 -3.5937500e-001
 -3.4375000e-001
 -2.8906250e-001
 -2.1093750e-001
 -1.8750000e-001
 -1.0937500e-001
  7.0312500e-002
  2.5000000e-001
  3.0468750e-001
  2.0312500e-001
  1.0156250e-001
  8.5937500e-002
  3.9062500e-002
 -3.9062500e-002
 -9.3750000e-002
 -1.0156250e-001
 -5.4687500e-002
  0.0000000e+000
 -1.5625000e-002
 -1.0937500e-001
 -1.7187500e-001
 -1.7187500e-001
 -1.5625000e-001
 -1.3281250e-001
 -9.3750000e-002
 -3.1250000e-002
  9.3750000e-002
  2.0312500e-001
  2.2656250e-001
  1.4843750e-001
  3.9062500e-002
 -7.0312500e-002
 -1.5625000e-001
 -2.1093750e-001
 -2.7343750e-001
 -2.5781250e-001
 -1.6406250e-001
 -5.4687500e-002
  1.5625000e-002
  4.6875000e-002
  4.6875000e-002
  3.9062500e-002
  2.3437500e-002
 -7.8125000e-003
 -4.6875000e-002
 -4.6875000e-002
  0.0000000e+000
  2.3437500e-002
  2.3437500e-002
  0.0000000e+000
 -3.1250000e-002
 -5.4687500e-002
 -7.8125000e-002
 -1.0937500e-001
 -1.2500000e-001
 -8.5937500e-002
 -1.5625000e-002
  4.6875000e-002
  8.5937500e-002
  1.0156250e-001
  9.3750000e-002
  7.0312500e-002
  3.1250000e-002
 -2.3437500e-002
 -5.4687500e-002
 -4.6875000e-002
 -7.8125000e-003
  2.3437500e-002
  4.6875000e-002
  6.2500000e-002
  5.4687500e-002
  4.6875000e-002
  1.5625000e-002
 -2.3437500e-002
 -3.9062500e-002
 -2.3437500e-002
  7.8125000e-003
  5.4687500e-002
  7.8125000e-002
  8.5937500e-002
  1.0937500e-001
  1.0156250e-001
  7.0312500e-002
  4.6875000e-002
  3.1250000e-002
  3.1250000e-002
  5.4687500e-002
  8.5937500e-002
  1.0937500e-001
  1.3281250e-001
  1.5625000e-001
  1.4062500e-001
  1.1718750e-001
  1.0937500e-001
  1.0937500e-001
  1.4843750e-001
 -5.4687500e-002
 -3.3593750e-001
 -3.5156250e-001
 -3.2031250e-001
 -2.3437500e-001
 -2.0312500e-001
 -1.4843750e-001
  2.3437500e-002
  2.1093750e-001
  3.2031250e-001
  2.5000000e-001
  1.0937500e-001
  7.8125000e-002
  5.4687500e-002
 -2.3437500e-002
 -9.3750000e-002
 -1.0937500e-001
 -6.2500000e-002
  0.0000000e+000
  1.5625000e-002
 -7.0312500e-002
 -1.6406250e-001
 -1.7187500e-001
 -1.6406250e-001
 -1.4843750e-001
 -1.1718750e-001
 -5.4687500e-002
  6.2500000e-002
  1.9531250e-001
  2.5000000e-001
  1.8750000e-001
  7.8125000e-002
 -3.1250000e-002
 -1.2500000e-001
 -2.0312500e-001
 -2.5781250e-001
 -2.5781250e-001
 -1.7968750e-001
 -5.4687500e-002
  3.1250000e-002
  5.4687500e-002
  6.2500000e-002
  5.4687500e-002
  3.1250000e-002
  0.0000000e+000
 -3.1250000e-002
 -3.9062500e-002
  0.0000000e+000
  4.6875000e-002
  5.4687500e-002
  3.1250000e-002
  0.0000000e+000
 -2.3437500e-002
 -6.2500000e-002
 -9.3750000e-002
 -1.1718750e-001
 -9.3750000e-002
 -2.3437500e-002
  5.4687500e-002
  9.3750000e-002
  1.1718750e-001
  1.1718750e-001
  1.0156250e-001
  5.4687500e-002
  0.0000000e+000
 -4.6875000e-002
 -5.4687500e-002
 -7.8125000e-003
  3.1250000e-002
  6.2500000e-002
  7.8125000e-002
  7.8125000e-002
  6.2500000e-002
  3.1250000e-002
 -1.5625000e-002
 -4.6875000e-002
 -3.1250000e-002
  2.3437500e-002
  7.0312500e-002
  8.5937500e-002
  1.0937500e-001
  1.1718750e-001
  1.1718750e-001
  8.5937500e-002
  3.9062500e-002
  1.5625000e-002
  1.5625000e-002
  4.6875000e-002
  8.5937500e-002
  1.2500000e-001
  1.7187500e-001
  1.7968750e-001
  1.7968750e-001
  1.5625000e-001
  1.1718750e-001
  7.8125000e-002
  1.0156250e-001
  9.3750000e-002
 -1.7968750e-001
 -3.6718750e-001
 -3.4375000e-001
 -2.8125000e-001
 -1.8750000e-001
 -1.6406250e-001
 -9.3750000e-002
  8.5937500e-002
  2.6562500e-001
  3.1250000e-001
  1.8750000e-001
  9.3750000e-002
  8.5937500e-002
  3.9062500e-002
 -3.1250000e-002
 -8.5937500e-002
 -9.3750000e-002
 -3.9062500e-002
  7.8125000e-003
 -3.1250000e-002
 -1.2500000e-001
 -1.7968750e-001
 -1.7187500e-001
 -1.5625000e-001
 -1.2500000e-001
 -7.8125000e-002
  0.0000000e+000
  1.3281250e-001
  2.3437500e-001
  2.3437500e-001
  1.4062500e-001
  3.9062500e-002
 -6.2500000e-002
 -1.7187500e-001
 -2.4218750e-001
 -2.8125000e-001
 -2.5781250e-001
 -1.4843750e-001
 -3.9062500e-002
  2.3437500e-002
  4.6875000e-002
  6.2500000e-002
  4.6875000e-002
  1.5625000e-002
 -7.8125000e-003
 -3.1250000e-002
 -2.3437500e-002
  2.3437500e-002
  3.9062500e-002
  2.3437500e-002
 -7.8125000e-003
 -3.1250000e-002
 -7.0312500e-002
 -1.0156250e-001
 -1.1718750e-001
 -1.1718750e-001
 -7.0312500e-002
  7.8125000e-003
  7.0312500e-002
  9.3750000e-002
  1.0156250e-001
  9.3750000e-002
  6.2500000e-002
  1.5625000e-002
 -3.1250000e-002
 -5.4687500e-002
 -3.9062500e-002
  7.8125000e-003
  3.1250000e-002
  4.6875000e-002
  5.4687500e-002
  4.6875000e-002
  2.3437500e-002
 -7.8125000e-003
 -3.9062500e-002
 -4.6875000e-002
 -7.8125000e-003
  4.6875000e-002
  7.8125000e-002
  8.5937500e-002
  8.5937500e-002
  9.3750000e-002
  7.8125000e-002
  3.1250000e-002
  0.0000000e+000
  0.0000000e+000
  2.3437500e-002
  5.4687500e-002
  9.3750000e-002
  1.1718750e-001
  1.2500000e-001
  1.4062500e-001
  1.3281250e-001
  1.0156250e-001
  7.0312500e-002
  7.0312500e-002
  9.3750000e-002
  1.5625000e-001
 -3.9062500e-002
 -3.2812500e-001
 -3.5156250e-001
 -3.1250000e-001
 -2.4218750e-001
 -2.3437500e-001
 -1.7968750e-001
  7.8125000e-003
  2.1093750e-001
  3.2812500e-001
  2.5000000e-001
  1.2500000e-001
  1.0156250e-001
  6.2500000e-002
 -3.1250000e-002
 -1.0937500e-001
 -1.2500000e-001
 -7.8125000e-002
 -7.8125000e-003
  0.0000000e+000
 -7.8125000e-002
 -1.5625000e-001
 -1.5625000e-001
 -1.5625000e-001
 -1.4843750e-001
 -1.1718750e-001
 -5.4687500e-002
  7.0312500e-002
  1.9531250e-001
  2.4218750e-001
  1.8750000e-001
  9.3750000e-002
 -1.5625000e-002
 -1.4062500e-001
 -2.2656250e-001
 -2.8125000e-001
 -2.8906250e-001
 -1.9531250e-001
 -7.0312500e-002
  7.8125000e-003
  5.4687500e-002
  7.0312500e-002
  6.2500000e-002
  3.1250000e-002
  0.0000000e+000
 -3.1250000e-002
 -3.9062500e-002
  0.0000000e+000
  3.9062500e-002
  3.9062500e-002
  2.3437500e-002
 -7.8125000e-003
 -4.6875000e-002
 -8.5937500e-002
 -1.0937500e-001
 -1.1718750e-001
 -9.3750000e-002
 -1.5625000e-002
  5.4687500e-002
  9.3750000e-002
  1.1718750e-001
  1.1718750e-001
  8.5937500e-002
  4.6875000e-002
  0.0000000e+000
 -3.1250000e-002
 -3.1250000e-002
  0.0000000e+000
  3.1250000e-002
  4.6875000e-002
  6.2500000e-002
  6.2500000e-002
  4.6875000e-002
  7.8125000e-003
 -2.3437500e-002
 -3.1250000e-002
 -7.8125000e-003
  4.6875000e-002
  7.8125000e-002
  1.0937500e-001
  1.2500000e-001
  1.1718750e-001
  1.0937500e-001
  6.2500000e-002
  7.8125000e-003
 -7.8125000e-003
  7.8125000e-003
  4.6875000e-002
  8.5937500e-002
  1.2500000e-001
  1.5625000e-001
  1.6406250e-001
  1.6406250e-001
  1.2500000e-001
  8.5937500e-002
  8.5937500e-002
  8.5937500e-002
  1.2500000e-001
  1.4843750e-001
 -1.1718750e-001
 -3.5156250e-001
 -3.4375000e-001
 -2.9687500e-001
 -2.4218750e-001
 -2.3437500e-001
 -1.2500000e-001
  7.0312500e-002
  2.7343750e-001
  3.4375000e-001
  2.3437500e-001
  1.4843750e-001
  1.2500000e-001
  6.2500000e-002
 -4.6875000e-002
 -1.1718750e-001
 -1.1718750e-001
 -6.2500000e-002
  0.0000000e+000
 -7.8125000e-003
 -9.3750000e-002
 -1.4062500e-001
 -1.3281250e-001
 -1.4062500e-001
 -1.2500000e-001
 -8.5937500e-002
 -1.5625000e-002
  1.0156250e-001
  2.1093750e-001
  2.3437500e-001
  1.5625000e-001
  7.0312500e-002
 -3.9062500e-002
 -1.5625000e-001
 -2.2656250e-001
 -2.8125000e-001
 -2.5000000e-001
 -1.4843750e-001
 -3.9062500e-002
  2.3437500e-002
  5.4687500e-002
  7.8125000e-002
  5.4687500e-002
  2.3437500e-002
 -7.8125000e-003
 -3.1250000e-002
 -2.3437500e-002
  1.5625000e-002
  3.9062500e-002
  3.1250000e-002
  7.8125000e-003
 -1.5625000e-002
 -5.4687500e-002
 -8.5937500e-002
 -1.0937500e-001
 -1.1718750e-001
 -7.0312500e-002
  0.0000000e+000
  6.2500000e-002
  9.3750000e-002
  1.0937500e-001
  1.1718750e-001
  8.5937500e-002
  3.9062500e-002
 -1.5625000e-002
 -4.6875000e-002
 -3.9062500e-002
 -1.5625000e-002
  1.5625000e-002
  3.9062500e-002
  6.2500000e-002
  6.2500000e-002
  3.9062500e-002
  0.0000000e+000
 -2.3437500e-002
 -2.3437500e-002
  7.8125000e-003
  4.6875000e-002
  7.0312500e-002
  8.5937500e-002
  1.0156250e-001
  9.3750000e-002
  7.0312500e-002
  3.1250000e-002
  0.0000000e+000
  0.0000000e+000
  2.3437500e-002
  6.2500000e-002
  8.5937500e-002
  1.0937500e-001
  1.4062500e-001
  1.4062500e-001
  1.2500000e-001
  1.0156250e-001
  9.3750000e-002
  9.3750000e-002
  1.0156250e-001
  1.4062500e-001
  1.4843750e-001
 -1.2500000e-001
 -3.5937500e-001
 -3.4375000e-001
 -3.2812500e-001
 -2.7343750e-001
 -2.5000000e-001
 -1.3281250e-001
  7.8125000e-002
  2.6562500e-001
  3.3593750e-001
  2.3437500e-001
  1.3281250e-001
  9.3750000e-002
  2.3437500e-002
 -8.5937500e-002
 -1.4843750e-001
 -1.4062500e-001
 -7.0312500e-002
 -7.8125000e-003
 -1.5625000e-002
 -9.3750000e-002
 -1.4843750e-001
 -1.4843750e-001
 -1.6406250e-001
 -1.5625000e-001
 -1.0937500e-001
 -3.1250000e-002
  9.3750000e-002
  2.0312500e-001
  2.2656250e-001
  1.6406250e-001
  5.4687500e-002
 -7.0312500e-002
 -1.7968750e-001
 -2.5781250e-001
 -2.9687500e-001
 -2.5000000e-001
 -1.5625000e-001
 -3.9062500e-002
  3.1250000e-002
  6.2500000e-002
  7.8125000e-002
  5.4687500e-002
  7.8125000e-003
 -3.1250000e-002
 -4.6875000e-002
 -3.1250000e-002
  7.8125000e-003
  3.1250000e-002
  3.1250000e-002
  1.5625000e-002
 -1.5625000e-002
 -5.4687500e-002
 -9.3750000e-002
 -1.1718750e-001
 -1.2500000e-001
 -7.8125000e-002
  0.0000000e+000
  6.2500000e-002
  1.0156250e-001
  1.2500000e-001
  1.1718750e-001
  7.8125000e-002
  3.1250000e-002
 -2.3437500e-002
 -4.6875000e-002
 -3.9062500e-002
 -1.5625000e-002
  7.8125000e-003
  2.3437500e-002
  4.6875000e-002
  4.6875000e-002
  3.9062500e-002
  2.3437500e-002
  0.0000000e+000
  0.0000000e+000
  3.1250000e-002
  6.2500000e-002
  8.5937500e-002
  1.0156250e-001
  1.0156250e-001
  8.5937500e-002
  5.4687500e-002
  2.3437500e-002
  7.8125000e-003
  7.8125000e-003
  3.9062500e-002
  6.2500000e-002
  9.3750000e-002
  1.1718750e-001
  1.4062500e-001
  1.5625000e-001
  1.4062500e-001
  1.1718750e-001
  9.3750000e-002
  9.3750000e-002
  1.0937500e-001
  1.4843750e-001
  1.7187500e-001
 -7.0312500e-002
 -3.3593750e-001
 -3.5156250e-001
 -3.2031250e-001
 -2.7343750e-001
 -2.4218750e-001
 -1.4062500e-001
  7.0312500e-002
  2.7343750e-001
  3.5156250e-001
  2.6562500e-001
  1.5625000e-001
  1.1718750e-001
  3.9062500e-002
 -7.8125000e-002
 -1.4062500e-001
 -1.3281250e-001
 -6.2500000e-002
  7.8125000e-003
  7.8125000e-003
 -6.2500000e-002
 -1.0937500e-001
 -1.1718750e-001
 -1.4062500e-001
 -1.4062500e-001
 -1.0937500e-001
 -3.9062500e-002
  8.5937500e-002
  2.0312500e-001
  2.3437500e-001
  1.7187500e-001
  7.0312500e-002
 -4.6875000e-002
 -1.5625000e-001
 -2.4218750e-001
 -2.8125000e-001
 -2.4218750e-001
 -1.4062500e-001
 -3.1250000e-002
  5.4687500e-002
  9.3750000e-002
  1.0156250e-001
  7.8125000e-002
  3.1250000e-002
 -1.5625000e-002
 -3.9062500e-002
 -3.1250000e-002
  7.8125000e-003
  3.9062500e-002
  3.9062500e-002
  2.3437500e-002
  0.0000000e+000
 -3.1250000e-002
 -7.0312500e-002
 -1.0156250e-001
 -1.0937500e-001
 -7.0312500e-002
  0.0000000e+000
  6.2500000e-002
  1.0156250e-001
  1.2500000e-001
  1.3281250e-001
  9.3750000e-002
  4.6875000e-002
 -7.8125000e-003
 -4.6875000e-002
 -3.9062500e-002
 -1.5625000e-002
  7.8125000e-003
  3.1250000e-002
  5.4687500e-002
  6.2500000e-002
  5.4687500e-002
  2.3437500e-002
  0.0000000e+000
  0.0000000e+000
  2.3437500e-002
  6.2500000e-002
  8.5937500e-002
  9.3750000e-002
  1.0156250e-001
  1.0156250e-001
  6.2500000e-002
  1.5625000e-002
 -1.5625000e-002
 -7.8125000e-003
  7.8125000e-003
  4.6875000e-002
  1.0156250e-001
  1.3281250e-001
  1.6406250e-001
  1.7968750e-001
  1.4843750e-001
  1.0156250e-001
  7.8125000e-002
  8.5937500e-002
  9.3750000e-002
  1.4062500e-001
  1.0156250e-001
 -2.0312500e-001
 -3.5937500e-001
 -3.3593750e-001
 -3.1250000e-001
 -2.8125000e-001
 -2.4218750e-001
 -8.5937500e-002
  1.2500000e-001
  2.9687500e-001
  3.1250000e-001
  2.0312500e-001
  1.4062500e-001
  1.0156250e-001
 -7.8125000e-003
 -1.2500000e-001
 -1.6406250e-001
 -1.3281250e-001
 -5.4687500e-002
 -7.8125000e-003
 -3.9062500e-002
 -1.0156250e-001
 -1.1718750e-001
 -1.1718750e-001
 -1.4843750e-001
 -1.4843750e-001
 -1.0156250e-001
 -7.8125000e-003
  1.0937500e-001
  1.9531250e-001
  1.8750000e-001
  1.1718750e-001
  3.1250000e-002
 -9.3750000e-002
 -2.1093750e-001
 -2.8125000e-001
 -2.9687500e-001
 -2.3437500e-001
 -1.2500000e-001
 -3.1250000e-002
  3.9062500e-002
  7.8125000e-002
  8.5937500e-002
  5.4687500e-002
 -7.8125000e-003
 -4.6875000e-002
 -6.2500000e-002
 -3.9062500e-002
  0.0000000e+000
  7.8125000e-003
  7.8125000e-003
 -7.8125000e-003
 -2.3437500e-002
 -5.4687500e-002
 -1.0156250e-001
 -1.2500000e-001
 -1.1718750e-001
 -5.4687500e-002
  1.5625000e-002
  6.2500000e-002
  9.3750000e-002
  1.1718750e-001
  1.1718750e-001
  7.8125000e-002
  1.5625000e-002
 -3.1250000e-002
 -4.6875000e-002
 -3.9062500e-002
 -1.5625000e-002
 -7.8125000e-003
  1.5625000e-002
  3.9062500e-002
  5.4687500e-002
  4.6875000e-002
  2.3437500e-002
  7.8125000e-003
  1.5625000e-002
  3.9062500e-002
  5.4687500e-002
  7.0312500e-002
  8.5937500e-002
  8.5937500e-002
  7.0312500e-002
  4.6875000e-002
  7.8125000e-003
  0.0000000e+000
  1.5625000e-002
  3.1250000e-002
  6.2500000e-002
  9.3750000e-002
  1.3281250e-001
  1.5625000e-001
  1.4062500e-001
  1.2500000e-001
  8.5937500e-002
  7.8125000e-002
  8.5937500e-002
  9.3750000e-002
  1.3281250e-001
  1.6406250e-001
 -3.9062500e-002
 -3.2031250e-001
 -3.5156250e-001
 -3.2812500e-001
 -2.8906250e-001
 -2.5000000e-001
 -1.3281250e-001
  6.2500000e-002
  2.5000000e-001
  3.3593750e-001
  2.6562500e-001
  1.6406250e-001
  1.0937500e-001
  2.3437500e-002
 -9.3750000e-002
 -1.5625000e-001
 -1.2500000e-001
 -5.4687500e-002
  7.8125000e-003
  2.3437500e-002
 -3.9062500e-002
 -8.5937500e-002
 -1.0937500e-001
 -1.4062500e-001
 -1.5625000e-001
 -1.1718750e-001
 -3.9062500e-002
  7.0312500e-002
  1.7968750e-001
  2.1875000e-001
  1.6406250e-001
  7.8125000e-002
 -3.9062500e-002
 -1.6406250e-001
 -2.5000000e-001
 -2.7343750e-001
 -2.2656250e-001
 -1.3281250e-001
 -3.1250000e-002
  4.6875000e-002
  9.3750000e-002
  1.0156250e-001
  6.2500000e-002
  0.0000000e+000
 -4.6875000e-002
 -5.4687500e-002
 -3.1250000e-002
  7.8125000e-003
  3.9062500e-002
  4.6875000e-002
  3.1250000e-002
  1.5625000e-002
 -3.1250000e-002
 -8.5937500e-002
 -1.1718750e-001
 -1.0937500e-001
 -5.4687500e-002
  7.8125000e-003
  6.2500000e-002
  1.0937500e-001
  1.4062500e-001
  1.3281250e-001
  9.3750000e-002
  3.1250000e-002
 -2.3437500e-002
 -3.1250000e-002
 -1.5625000e-002
  0.0000000e+000
  1.5625000e-002
  3.9062500e-002
  7.0312500e-002
  7.8125000e-002
  6.2500000e-002
  3.1250000e-002
  7.8125000e-003
  1.5625000e-002
  3.1250000e-002
  4.6875000e-002
  7.0312500e-002
  9.3750000e-002
  1.0937500e-001
  1.0156250e-001
  7.8125000e-002
  2.3437500e-002
 -7.8125000e-003
  0.0000000e+000
  2.3437500e-002
  5.4687500e-002
  1.0156250e-001
  1.3281250e-001
  1.4843750e-001
  1.5625000e-001
  1.2500000e-001
  9.3750000e-002
  7.0312500e-002
  6.2500000e-002
  6.2500000e-002
  8.5937500e-002
  1.4062500e-001
  1.9531250e-001
  7.8125000e-003
 -2.9687500e-001
 -3.5937500e-001
 -3.3593750e-001
 -3.0468750e-001
 -2.6562500e-001
 -1.5625000e-001
  3.9062500e-002
  2.4218750e-001
  3.2812500e-001
  2.6562500e-001
  1.4843750e-001
  8.5937500e-002
  7.8125000e-003
 -1.0156250e-001
 -1.7187500e-001
 -1.4843750e-001
 -7.0312500e-002
  7.8125000e-003
  3.9062500e-002
 -2.3437500e-002
 -9.3750000e-002
 -1.3281250e-001
 -1.6406250e-001
 -1.7968750e-001
 -1.5625000e-001
 -9.3750000e-002
  3.1250000e-002
  1.5625000e-001
  2.0312500e-001
  1.4843750e-001
  3.9062500e-002
 -6.2500000e-002
 -1.6406250e-001
 -2.5000000e-001
 -2.6562500e-001
 -2.2656250e-001
 -1.3281250e-001
 -3.1250000e-002
  3.9062500e-002
  6.2500000e-002
  6.2500000e-002
  3.9062500e-002
 -1.5625000e-002
 -7.0312500e-002
 -8.5937500e-002
 -7.0312500e-002
 -1.5625000e-002
  2.3437500e-002
  3.9062500e-002
  2.3437500e-002
  0.0000000e+000
 -3.1250000e-002
 -7.8125000e-002
 -1.2500000e-001
 -1.3281250e-001
 -9.3750000e-002
 -3.1250000e-002
  3.9062500e-002
  8.5937500e-002
  1.1718750e-001
  1.1718750e-001
  8.5937500e-002
  2.3437500e-002
 -3.1250000e-002
 -5.4687500e-002
 -5.4687500e-002
 -3.1250000e-002
 -7.8125000e-003
  1.5625000e-002
  4.6875000e-002
  7.0312500e-002
  6.2500000e-002
  2.3437500e-002
  0.0000000e+000
 -7.8125000e-003
  7.8125000e-003
  3.1250000e-002
  5.4687500e-002
  7.8125000e-002
  7.8125000e-002
  8.5937500e-002
  6.2500000e-002
  2.3437500e-002
 -7.8125000e-003
 -1.5625000e-002
  0.0000000e+000
  3.1250000e-002
  7.8125000e-002
  1.0937500e-001
  1.5625000e-001
  1.7187500e-001
  1.4843750e-001
  1.1718750e-001
  8.5937500e-002
  6.2500000e-002
  6.2500000e-002
  9.3750000e-002
  1.4843750e-001
  1.4843750e-001
 -9.3750000e-002
 -3.3593750e-001
 -3.5156250e-001
 -3.2812500e-001
 -3.0468750e-001
 -2.6562500e-001
 -1.2500000e-001
  8.5937500e-002
  2.6562500e-001
  3.2031250e-001
  2.4218750e-001
  1.4843750e-001
  9.3750000e-002
  0.0000000e+000
 -1.1718750e-001
 -1.7187500e-001
 -1.3281250e-001
 -4.6875000e-002
  1.5625000e-002
  1.5625000e-002
 -4.6875000e-002
 -9.3750000e-002
 -1.2500000e-001
 -1.5625000e-001
 -1.7187500e-001
 -1.4062500e-001
 -4.6875000e-002
  7.8125000e-002
  1.7968750e-001
  1.9531250e-001
  1.1718750e-001
  3.1250000e-002
 -5.4687500e-002
 -1.6406250e-001
 -2.2656250e-001
 -2.3437500e-001
 -1.7968750e-001
 -8.5937500e-002
  0.0000000e+000
  4.6875000e-002
  6.2500000e-002
  7.0312500e-002
  3.9062500e-002
 -2.3437500e-002
 -5.4687500e-002
 -5.4687500e-002
 -2.3437500e-002
  3.1250000e-002
  6.2500000e-002
  6.2500000e-002
  4.6875000e-002
  1.5625000e-002
 -3.1250000e-002
 -8.5937500e-002
 -1.1718750e-001
 -1.0937500e-001
 -6.2500000e-002
  0.0000000e+000
  6.2500000e-002
  1.0937500e-001
  1.4062500e-001
  1.4062500e-001
  9.3750000e-002
  2.3437500e-002
 -1.5625000e-002
 -2.3437500e-002
 -1.5625000e-002
  0.0000000e+000
  1.5625000e-002
  5.4687500e-002
  8.5937500e-002
  8.5937500e-002
  5.4687500e-002
  2.3437500e-002
  1.5625000e-002
  3.1250000e-002
  6.2500000e-002
  7.8125000e-002
  8.5937500e-002
  8.5937500e-002
  8.5937500e-002
  6.2500000e-002
  3.1250000e-002
  1.5625000e-002
  2.3437500e-002
  5.4687500e-002
  8.5937500e-002
  1.0156250e-001
  1.3281250e-001
  1.5625000e-001
  1.6406250e-001
  1.3281250e-001
  1.0937500e-001
  7.8125000e-002
  7.0312500e-002
  9.3750000e-002
  1.2500000e-001
  1.7187500e-001
  1.8750000e-001
 -6.2500000e-002
 -3.3593750e-001
 -3.5156250e-001
 -3.3593750e-001
 -3.0468750e-001
 -2.5000000e-001
 -1.0156250e-001
  1.0156250e-001
  2.8125000e-001
  3.3593750e-001
  2.4218750e-001
  1.3281250e-001
  7.8125000e-002
 -1.5625000e-002
 -1.3281250e-001
 -1.7187500e-001
 -1.1718750e-001
 -2.3437500e-002
  4.6875000e-002
  3.9062500e-002
 -3.9062500e-002
 -1.0156250e-001
 -1.2500000e-001
 -1.6406250e-001
 -1.8750000e-001
 -1.5625000e-001
 -5.4687500e-002
  7.8125000e-002
  1.7968750e-001
  2.0312500e-001
  1.2500000e-001
  1.5625000e-002
 -7.8125000e-002
 -1.7968750e-001
 -2.6562500e-001
 -2.5000000e-001
 -1.8750000e-001
 -9.3750000e-002
  0.0000000e+000
  5.4687500e-002
  6.2500000e-002
  6.2500000e-002
  2.3437500e-002
 -3.9062500e-002
 -8.5937500e-002
 -7.8125000e-002
 -3.1250000e-002
  2.3437500e-002
  5.4687500e-002
  5.4687500e-002
  2.3437500e-002
 -7.8125000e-003
 -5.4687500e-002
 -1.0937500e-001
 -1.4062500e-001
 -1.2500000e-001
 -7.0312500e-002
 -7.8125000e-003
  6.2500000e-002
  1.0937500e-001
  1.3281250e-001
  1.1718750e-001
  6.2500000e-002
 -7.8125000e-003
 -5.4687500e-002
 -5.4687500e-002
 -4.6875000e-002
 -1.5625000e-002
  1.5625000e-002
  4.6875000e-002
  7.8125000e-002
  7.8125000e-002
  4.6875000e-002
  0.0000000e+000
 -1.5625000e-002
 -7.8125000e-003
  0.0000000e+000
  3.1250000e-002
  5.4687500e-002
  7.8125000e-002
  9.3750000e-002
  7.0312500e-002
  3.9062500e-002
  7.8125000e-003
  0.0000000e+000
  1.5625000e-002
  3.9062500e-002
  7.0312500e-002
  9.3750000e-002
  1.2500000e-001
  1.4062500e-001
  1.3281250e-001
  1.0156250e-001
  6.2500000e-002
  6.2500000e-002
  8.5937500e-002
  1.0937500e-001
  1.6406250e-001
  1.0937500e-001
 -1.9531250e-001
 -3.5937500e-001
 -3.4375000e-001
 -3.2812500e-001
 -2.9687500e-001
 -2.2656250e-001
 -4.6875000e-002
  1.4843750e-001
  2.8906250e-001
  2.8125000e-001
  1.7968750e-001
  1.1718750e-001
  6.2500000e-002
 -5.4687500e-002
 -1.5625000e-001
 -1.5625000e-001
 -8.5937500e-002
 -1.5625000e-002
  3.1250000e-002
 -7.8125000e-003
 -7.8125000e-002
 -1.0937500e-001
 -1.3281250e-001
 -1.7187500e-001
 -1.6406250e-001
 -1.0937500e-001
 -7.8125000e-003
  1.1718750e-001
  1.8750000e-001
  1.7187500e-001
  1.0156250e-001
  0.0000000e+000
 -1.3281250e-001
 -2.2656250e-001
 -2.7343750e-001
 -2.5000000e-001
 -1.6406250e-001
 -6.2500000e-002
  1.5625000e-002
  6.2500000e-002
  7.8125000e-002
  6.2500000e-002
  0.0000000e+000
 -5.4687500e-002
 -7.8125000e-002
 -5.4687500e-002
  0.0000000e+000
  3.9062500e-002
  5.4687500e-002
  4.6875000e-002
  2.3437500e-002
 -2.3437500e-002
 -8.5937500e-002
 -1.2500000e-001
 -1.3281250e-001
 -9.3750000e-002
 -3.1250000e-002
  3.1250000e-002
  9.3750000e-002
  1.3281250e-001
  1.4843750e-001
  1.0937500e-001
  4.6875000e-002
 -7.8125000e-003
 -3.1250000e-002
 -3.1250000e-002
 -1.5625000e-002
  7.8125000e-003
  3.1250000e-002
  6.2500000e-002
  7.8125000e-002
  6.2500000e-002
  3.1250000e-002
  1.5625000e-002
  1.5625000e-002
  3.1250000e-002
  5.4687500e-002
  7.8125000e-002
  1.0156250e-001
  1.2500000e-001
  1.0156250e-001
  6.2500000e-002
  2.3437500e-002
  0.0000000e+000
  0.0000000e+000
  2.3437500e-002
  5.4687500e-002
  1.0156250e-001
  1.5625000e-001
  1.7968750e-001
  1.6406250e-001
  1.4062500e-001
  1.0156250e-001
  7.0312500e-002
  7.0312500e-002
  7.8125000e-002
  1.0156250e-001
  1.5625000e-001
  7.8125000e-002
 -2.1093750e-001
 -3.5156250e-001
 -3.3593750e-001
 -3.1250000e-001
 -2.6562500e-001
 -1.7968750e-001
  0.0000000e+000
  1.8750000e-001
  3.1250000e-001
  2.9687500e-001
  1.9531250e-001
  1.4062500e-001
  6.2500000e-002
 -7.0312500e-002
 -1.5625000e-001
 -1.4062500e-001
 -7.8125000e-002
 -7.8125000e-003
  2.3437500e-002
 -1.5625000e-002
 -7.0312500e-002
 -8.5937500e-002
 -1.1718750e-001
 -1.4843750e-001
 -1.3281250e-001
 -7.0312500e-002
  2.3437500e-002
  1.4062500e-001
  1.8750000e-001
  1.6406250e-001
  1.0156250e-001
  0.0000000e+000
 -1.4062500e-001
 -2.5000000e-001
 -2.7343750e-001
 -2.4218750e-001
 -1.5625000e-001
 -6.2500000e-002
  1.5625000e-002
  6.2500000e-002
  9.3750000e-002
  6.2500000e-002
  0.0000000e+000
 -5.4687500e-002
 -6.2500000e-002
 -3.9062500e-002
  0.0000000e+000
  3.9062500e-002
  4.6875000e-002
  3.1250000e-002
  0.0000000e+000
 -5.4687500e-002
 -1.1718750e-001
 -1.4843750e-001
 -1.4062500e-001
 -9.3750000e-002
 -2.3437500e-002
  4.6875000e-002
  9.3750000e-002
  1.3281250e-001
  1.3281250e-001
  9.3750000e-002
  3.1250000e-002
 -1.5625000e-002
 -3.1250000e-002
 -3.1250000e-002
 -2.3437500e-002
 -7.8125000e-003
  7.8125000e-003
  3.1250000e-002
  4.6875000e-002
  3.1250000e-002
  1.5625000e-002
  1.5625000e-002
  2.3437500e-002
  2.3437500e-002
  4.6875000e-002
  7.8125000e-002
  8.5937500e-002
  1.0156250e-001
  8.5937500e-002
  3.9062500e-002
  0.0000000e+000
 -1.5625000e-002
 -1.5625000e-002
  0.0000000e+000
  3.9062500e-002
  7.0312500e-002
  1.0937500e-001
  1.4062500e-001
  1.4843750e-001
  1.3281250e-001
  9.3750000e-002
  7.0312500e-002
  6.2500000e-002
  7.0312500e-002
  1.0156250e-001
  1.3281250e-001
 -1.5625000e-002
 -2.8906250e-001
 -3.5156250e-001
 -3.3593750e-001
 -3.2812500e-001
 -2.8125000e-001
 -1.7187500e-001
  2.3437500e-002
  1.9531250e-001
  2.7343750e-001
  2.2656250e-001
  1.5625000e-001
  1.1718750e-001
  3.1250000e-002
 -1.0156250e-001
 -1.7187500e-001
 -1.4062500e-001
 -7.0312500e-002
 -2.3437500e-002
 -2.3437500e-002
 -7.0312500e-002
 -1.0937500e-001
 -1.1718750e-001
 -1.4062500e-001
 -1.6406250e-001
 -1.3281250e-001
 -6.2500000e-002
  3.9062500e-002
  1.3281250e-001
  1.6406250e-001
  1.2500000e-001
  6.2500000e-002
 -3.9062500e-002
 -1.6406250e-001
 -2.5781250e-001
 -2.7343750e-001
 -2.1875000e-001
 -1.4062500e-001
 -6.2500000e-002
  0.0000000e+000
  4.6875000e-002
  7.0312500e-002
  4.6875000e-002
 -2.3437500e-002
 -7.0312500e-002
 -6.2500000e-002
 -3.1250000e-002
  7.8125000e-003
  3.1250000e-002
  3.9062500e-002
  2.3437500e-002
 -7.8125000e-003
 -6.2500000e-002
 -1.2500000e-001
 -1.4843750e-001
 -1.3281250e-001
 -8.5937500e-002
 -3.1250000e-002
  3.9062500e-002
  9.3750000e-002
  1.2500000e-001
  1.3281250e-001
  9.3750000e-002
  3.1250000e-002
 -7.8125000e-003
 -1.5625000e-002
 -1.5625000e-002
 -1.5625000e-002
 -7.8125000e-003
  0.0000000e+000
  3.1250000e-002
  3.9062500e-002
  3.1250000e-002
  3.1250000e-002
  3.1250000e-002
  4.6875000e-002
  6.2500000e-002
  7.8125000e-002
  9.3750000e-002
  1.0156250e-001
  1.0156250e-001
  7.0312500e-002
  3.9062500e-002
  7.8125000e-003
  7.8125000e-003
  3.9062500e-002
  6.2500000e-002
  8.5937500e-002
  1.0937500e-001
  1.4062500e-001
  1.4843750e-001
  1.4062500e-001
  1.1718750e-001
  9.3750000e-002
  8.5937500e-002
  1.0156250e-001
  1.3281250e-001
  1.6406250e-001
  9.3750000e-002
 -1.7968750e-001
 -3.4375000e-001
 -3.4375000e-001
 -3.2031250e-001
 -2.8125000e-001
 -1.8750000e-001
 -1.5625000e-002
  1.7187500e-001
  2.8906250e-001
  2.8125000e-001
  1.9531250e-001
  1.4062500e-001
  7.8125000e-002
 -3.9062500e-002
 -1.3281250e-001
 -1.3281250e-001
 -6.2500000e-002
  0.0000000e+000
  1.5625000e-002
 -2.3437500e-002
 -7.8125000e-002
 -9.3750000e-002
 -1.0937500e-001
 -1.3281250e-001
 -1.2500000e-001
 -7.0312500e-002
  3.1250000e-002
  1.3281250e-001
  1.7968750e-001
  1.4843750e-001
  9.3750000e-002
  3.1250000e-002
 -8.5937500e-002
 -2.0312500e-001
 -2.4218750e-001
 -2.1093750e-001
 -1.4062500e-001
 -6.2500000e-002
  0.0000000e+000
  3.1250000e-002
  7.0312500e-002
  7.8125000e-002
  1.5625000e-002
 -4.6875000e-002
 -5.4687500e-002
 -2.3437500e-002
  1.5625000e-002
  4.6875000e-002
  5.4687500e-002
  3.9062500e-002
  1.5625000e-002
 -3.1250000e-002
 -1.0156250e-001
 -1.4062500e-001
 -1.3281250e-001
 -9.3750000e-002
 -3.9062500e-002
  3.1250000e-002
  8.5937500e-002
  1.3281250e-001
  1.4843750e-001
  1.2500000e-001
  5.4687500e-002
  7.8125000e-003
 -1.5625000e-002
 -1.5625000e-002
 -1.5625000e-002
 -7.8125000e-003
  0.0000000e+000
  2.3437500e-002
  3.9062500e-002
  3.1250000e-002
  7.8125000e-003
  1.5625000e-002
  3.9062500e-002
  5.4687500e-002
  6.2500000e-002
  7.8125000e-002
  9.3750000e-002
  9.3750000e-002
  7.0312500e-002
  3.1250000e-002
  0.0000000e+000
 -7.8125000e-003
  7.8125000e-003
  3.1250000e-002
  4.6875000e-002
  8.5937500e-002
  1.2500000e-001
  1.4843750e-001
  1.4062500e-001
  1.0937500e-001
  7.0312500e-002
  5.4687500e-002
  6.2500000e-002
  7.8125000e-002
  1.0937500e-001
  1.3281250e-001
  7.0312500e-002
 -1.7187500e-001
 -3.4375000e-001
 -3.4375000e-001
 -3.3593750e-001
 -2.8906250e-001
 -1.9531250e-001
 -3.1250000e-002
  1.4843750e-001
  2.5781250e-001
  2.6562500e-001
  1.8750000e-001
  1.1718750e-001
  3.9062500e-002
 -7.8125000e-002
 -1.6406250e-001
 -1.5625000e-001
 -1.0156250e-001
 -3.1250000e-002
 -7.8125000e-003
 -3.1250000e-002
 -7.8125000e-002
 -1.0156250e-001
 -1.2500000e-001
 -1.5625000e-001
 -1.5625000e-001
 -9.3750000e-002
  0.0000000e+000
  7.8125000e-002
  1.2500000e-001
  1.2500000e-001
  7.8125000e-002
 -7.8125000e-003
 -1.0156250e-001
 -2.1093750e-001
 -2.5781250e-001
 -2.2656250e-001
 -1.6406250e-001
 -9.3750000e-002
 -2.3437500e-002
  3.1250000e-002
  5.4687500e-002
  4.6875000e-002
  0.0000000e+000
 -5.4687500e-002
 -7.0312500e-002
 -4.6875000e-002
 -1.5625000e-002
  1.5625000e-002
  3.1250000e-002
  2.3437500e-002
  0.0000000e+000
 -4.6875000e-002
 -1.0156250e-001
 -1.4062500e-001
 -1.4062500e-001
 -9.3750000e-002
 -3.9062500e-002
  2.3437500e-002
  8.5937500e-002
  1.2500000e-001
  1.2500000e-001
  9.3750000e-002
  3.9062500e-002
 -7.8125000e-003
 -3.1250000e-002
 -3.1250000e-002
 -2.3437500e-002
 -7.8125000e-003
  1.5625000e-002
  2.3437500e-002
  2.3437500e-002
  2.3437500e-002
  1.5625000e-002
  2.3437500e-002
  4.6875000e-002
  5.4687500e-002
  6.2500000e-002
  8.5937500e-002
  9.3750000e-002
  8.5937500e-002
  6.2500000e-002
  3.1250000e-002
  7.8125000e-003
  7.8125000e-003
  2.3437500e-002
  3.9062500e-002
  6.2500000e-002
  9.3750000e-002
  1.0937500e-001
  1.1718750e-001
  1.1718750e-001
  1.0156250e-001
  9.3750000e-002
  9.3750000e-002
  7.8125000e-002
  8.5937500e-002
  1.1718750e-001
  1.2500000e-001
  9.3750000e-002
 -7.8125000e-002
 -2.9687500e-001
 -3.5156250e-001
 -3.2031250e-001
 -2.6562500e-001
 -1.8750000e-001
 -4.6875000e-002
  1.3281250e-001
  2.5781250e-001
  2.8906250e-001
  2.1875000e-001
  1.3281250e-001
  6.2500000e-002
 -1.5625000e-002
 -1.0937500e-001
 -1.4062500e-001
 -8.5937500e-002
 -7.8125000e-003
  1.5625000e-002
  7.8125000e-003
 -4.6875000e-002
 -8.5937500e-002
 -1.0156250e-001
 -1.2500000e-001
 -1.3281250e-001
 -8.5937500e-002
  1.5625000e-002
  1.0156250e-001
  1.4062500e-001
  1.4843750e-001
  1.0156250e-001
  1.5625000e-002
 -7.8125000e-002
 -1.7187500e-001
 -2.2656250e-001
 -1.9531250e-001
 -1.2500000e-001
 -5.4687500e-002
  0.0000000e+000
  4.6875000e-002
  7.0312500e-002
  5.4687500e-002
  2.3437500e-002
 -3.9062500e-002
 -6.2500000e-002
 -3.1250000e-002
  1.5625000e-002
  4.6875000e-002
  6.2500000e-002
  6.2500000e-002
  3.1250000e-002
 -1.5625000e-002
 -6.2500000e-002
 -1.0937500e-001
 -1.1718750e-001
 -7.8125000e-002
 -2.3437500e-002
  3.1250000e-002
  8.5937500e-002
  1.3281250e-001
  1.4062500e-001
  1.2500000e-001
  7.0312500e-002
  1.5625000e-002
 -7.8125000e-003
 -7.8125000e-003
 -7.8125000e-003
  0.0000000e+000
  2.3437500e-002
  4.6875000e-002
  4.6875000e-002
  4.6875000e-002
  3.9062500e-002
  3.1250000e-002
  3.9062500e-002
  5.4687500e-002
  7.0312500e-002
  8.5937500e-002
  1.0156250e-001
  9.3750000e-002
  8.5937500e-002
  6.2500000e-002
  3.9062500e-002
  7.8125000e-003
  7.8125000e-003
  3.1250000e-002
  5.4687500e-002
  7.8125000e-002
  1.0937500e-001
  1.3281250e-001
  1.4062500e-001
  1.3281250e-001
  1.0156250e-001
  7.0312500e-002
  7.0312500e-002
  8.5937500e-002
  9.3750000e-002
  1.0937500e-001
  1.0156250e-001
 -3.9062500e-002
 -2.7343750e-001
 -3.5156250e-001
 -3.3593750e-001
 -2.9687500e-001
 -2.1875000e-001
 -8.5937500e-002
  7.8125000e-002
  2.1875000e-001
  2.8125000e-001
  2.2656250e-001
  1.4062500e-001
  7.8125000e-002
 -1.5625000e-002
 -1.1718750e-001
 -1.4843750e-001
 -1.0937500e-001
 -4.6875000e-002
 -7.8125000e-003
 -7.8125000e-003
 -4.6875000e-002
 -8.5937500e-002
 -1.0937500e-001
 -1.3281250e-001
 -1.4843750e-001
 -1.0937500e-001
 -2.3437500e-002
  5.4687500e-002
  1.1718750e-001
  1.2500000e-001
  9.3750000e-002
  2.3437500e-002
 -7.8125000e-002
 -1.8750000e-001
 -2.4218750e-001
 -2.3437500e-001
 -1.7187500e-001
 -9.3750000e-002
 -3.1250000e-002
  1.5625000e-002
  5.4687500e-002
  4.6875000e-002
  7.8125000e-003
 -4.6875000e-002
 -7.0312500e-002
 -5.4687500e-002
 -2.3437500e-002
  7.8125000e-003
  3.1250000e-002
  3.1250000e-002
  7.8125000e-003
 -3.1250000e-002
 -9.3750000e-002
 -1.3281250e-001
 -1.4062500e-001
 -1.0937500e-001
 -5.4687500e-002
  0.0000000e+000
  6.2500000e-002
  1.0156250e-001
  1.2500000e-001
  1.0156250e-001
  5.4687500e-002
  0.0000000e+000
 -2.3437500e-002
 -2.3437500e-002
 -1.5625000e-002
 -1.5625000e-002
  0.0000000e+000
  7.8125000e-003
  7.8125000e-003
  1.5625000e-002
  2.3437500e-002
  2.3437500e-002
  3.9062500e-002
  5.4687500e-002
  7.0312500e-002
  7.8125000e-002
  8.5937500e-002
  8.5937500e-002
  6.2500000e-002
  5.4687500e-002
  2.3437500e-002
  2.3437500e-002
  2.3437500e-002
  3.1250000e-002
  6.2500000e-002
  7.8125000e-002
  1.0156250e-001
  1.1718750e-001
  1.1718750e-001
  1.1718750e-001
  1.0156250e-001
  9.3750000e-002
  7.8125000e-002
  7.8125000e-002
  1.0156250e-001
  9.3750000e-002
  3.9062500e-002
 -1.5625000e-001
 -3.2812500e-001
 -3.4375000e-001
 -3.0468750e-001
 -2.4218750e-001
 -1.5625000e-001
  0.0000000e+000
  1.4843750e-001
  2.4218750e-001
  2.4218750e-001
  1.7187500e-001
  1.0937500e-001
  4.6875000e-002
 -4.6875000e-002
 -1.1718750e-001
 -1.1718750e-001
 -6.2500000e-002
 -1.5625000e-002
  0.0000000e+000
 -2.3437500e-002
 -7.0312500e-002
 -9.3750000e-002
 -1.0156250e-001
 -1.1718750e-001
 -1.0156250e-001
 -4.6875000e-002
  3.9062500e-002
  1.0937500e-001
  1.4062500e-001
  1.2500000e-001
  7.0312500e-002
 -1.5625000e-002
 -1.0937500e-001
 -1.8750000e-001
 -2.2656250e-001
 -1.7968750e-001
 -9.3750000e-002
 -3.9062500e-002
  1.5625000e-002
  5.4687500e-002
  7.8125000e-002
  6.2500000e-002
  7.8125000e-003
 -3.9062500e-002
 -5.4687500e-002
 -2.3437500e-002
  1.5625000e-002
  3.9062500e-002
  4.6875000e-002
  4.6875000e-002
  1.5625000e-002
 -3.9062500e-002
 -9.3750000e-002
 -1.2500000e-001
 -1.0937500e-001
 -7.0312500e-002
 -7.8125000e-003
  4.6875000e-002
  1.0156250e-001
  1.4843750e-001
  1.4843750e-001
  1.1718750e-001
  5.4687500e-002
  7.8125000e-003
 -1.5625000e-002
 -1.5625000e-002
 -7.8125000e-003
  1.5625000e-002
  3.9062500e-002
  5.4687500e-002
  6.2500000e-002
  4.6875000e-002
  3.9062500e-002
  4.6875000e-002
  6.2500000e-002
  7.8125000e-002
  1.0156250e-001
  1.1718750e-001
  1.1718750e-001
  1.0156250e-001
  7.0312500e-002
  3.1250000e-002
  1.5625000e-002
  3.1250000e-002
  4.6875000e-002
  7.8125000e-002
  1.1718750e-001
  1.3281250e-001
  1.3281250e-001
  1.4062500e-001
  1.2500000e-001
  1.0937500e-001
  9.3750000e-002
  8.5937500e-002
  9.3750000e-002
  1.1718750e-001
  1.2500000e-001
  4.6875000e-002
 -1.5625000e-001
 -3.1250000e-001
 -3.3593750e-001
 -2.9687500e-001
 -2.4218750e-001
 -1.4843750e-001
  1.5625000e-002
  1.7187500e-001
  2.5781250e-001
  2.5000000e-001
  1.7187500e-001
  1.1718750e-001
  4.6875000e-002
 -5.4687500e-002
 -1.2500000e-001
 -1.1718750e-001
 -5.4687500e-002
 -7.8125000e-003
  0.0000000e+000
 -3.1250000e-002
 -7.8125000e-002
 -9.3750000e-002
 -1.0937500e-001
 -1.2500000e-001
 -1.0937500e-001
 -4.6875000e-002
  3.9062500e-002
  9.3750000e-002
  1.1718750e-001
  1.0156250e-001
  6.2500000e-002
 -1.5625000e-002
 -1.0937500e-001
 -1.9531250e-001
 -2.2656250e-001
 -1.8750000e-001
 -1.1718750e-001
 -6.2500000e-002
 -1.5625000e-002
  2.3437500e-002
  5.4687500e-002
  4.6875000e-002
  0.0000000e+000
 -4.6875000e-002
 -5.4687500e-002
 -3.1250000e-002
  0.0000000e+000
  1.5625000e-002
  2.3437500e-002
  1.5625000e-002
 -7.8125000e-003
 -5.4687500e-002
 -1.0937500e-001
 -1.4062500e-001
 -1.2500000e-001
 -8.5937500e-002
 -3.1250000e-002
  2.3437500e-002
  7.0312500e-002
  1.1718750e-001
  1.1718750e-001
  8.5937500e-002
  3.9062500e-002
 -7.8125000e-003
 -3.1250000e-002
 -3.1250000e-002
 -2.3437500e-002
 -1.5625000e-002
  7.8125000e-003
  2.3437500e-002
  1.5625000e-002
  7.8125000e-003
  7.8125000e-003
  2.3437500e-002
  3.1250000e-002
  5.4687500e-002
  7.8125000e-002
  7.0312500e-002
  7.8125000e-002
  7.8125000e-002
  5.4687500e-002
  3.1250000e-002
  2.3437500e-002
  2.3437500e-002
  2.3437500e-002
  4.6875000e-002
  6.2500000e-002
  7.8125000e-002
  1.0156250e-001
  1.0937500e-001
  1.0156250e-001
  8.5937500e-002
  7.8125000e-002
  7.8125000e-002
  7.0312500e-002
  6.2500000e-002
  5.4687500e-002
 -4.6875000e-002
 -2.2656250e-001
 -3.2031250e-001
 -3.0468750e-001
 -2.4218750e-001
 -1.7968750e-001
 -8.5937500e-002
  4.6875000e-002
  1.6406250e-001
  2.1093750e-001
  1.7968750e-001
  1.1718750e-001
  7.0312500e-002
  1.5625000e-002
 -6.2500000e-002
 -1.0937500e-001
 -8.5937500e-002
 -3.9062500e-002
 -1.5625000e-002
 -2.3437500e-002
 -6.2500000e-002
 -1.0156250e-001
 -1.0937500e-001
 -1.0156250e-001
 -1.0156250e-001
 -7.8125000e-002
 -7.8125000e-003
  5.4687500e-002
  9.3750000e-002
  9.3750000e-002
  5.4687500e-002
  0.0000000e+000
 -7.0312500e-002
 -1.2500000e-001
 -1.7187500e-001
 -1.7968750e-001
 -1.2500000e-001
 -7.0312500e-002
 -3.1250000e-002
  0.0000000e+000
  2.3437500e-002
  3.1250000e-002
  1.5625000e-002
 -7.8125000e-003
 -3.9062500e-002
 -3.1250000e-002
  0.0000000e+000
  3.1250000e-002
  3.9062500e-002
  3.1250000e-002
  7.8125000e-003
 -2.3437500e-002
 -6.2500000e-002
 -9.3750000e-002
 -1.0156250e-001
 -7.8125000e-002
 -2.3437500e-002
  2.3437500e-002
  6.2500000e-002
  1.0156250e-001
  1.1718750e-001
  1.0937500e-001
  7.8125000e-002
  4.6875000e-002
  1.5625000e-002
  1.5625000e-002
  1.5625000e-002
  1.5625000e-002
  2.3437500e-002
  3.1250000e-002
  3.1250000e-002
  3.1250000e-002
  3.1250000e-002
  3.1250000e-002
  5.4687500e-002
  7.8125000e-002
  9.3750000e-002
  9.3750000e-002
  1.0156250e-001
  9.3750000e-002
  7.8125000e-002
  7.0312500e-002
  5.4687500e-002
  5.4687500e-002
  6.2500000e-002
  7.8125000e-002
  9.3750000e-002
  1.0156250e-001
  1.2500000e-001
  1.1718750e-001
  1.0937500e-001
  1.0937500e-001
  9.3750000e-002
  9.3750000e-002
  1.0937500e-001
  1.1718750e-001
  1.0156250e-001
  7.0312500e-002
 -5.4687500e-002
 -2.4218750e-001
 -3.0468750e-001
 -2.6562500e-001
 -2.1093750e-001
 -1.4062500e-001
 -1.5625000e-002
  1.1718750e-001
  2.1093750e-001
  2.3437500e-001
  1.7968750e-001
  1.0937500e-001
  6.2500000e-002
  0.0000000e+000
 -7.8125000e-002
 -9.3750000e-002
 -4.6875000e-002
  0.0000000e+000
  7.8125000e-003
 -7.8125000e-003
 -5.4687500e-002
 -9.3750000e-002
 -1.0156250e-001
 -1.1718750e-001
 -1.0937500e-001
 -4.6875000e-002
  2.3437500e-002
  7.8125000e-002
  1.0937500e-001
  1.0937500e-001
  6.2500000e-002
 -7.8125000e-003
 -7.8125000e-002
 -1.4843750e-001
 -1.7968750e-001
 -1.4843750e-001
 -1.0156250e-001
 -4.6875000e-002
  0.0000000e+000
  2.3437500e-002
  3.1250000e-002
  2.3437500e-002
 -7.8125000e-003
 -3.9062500e-002
 -4.6875000e-002
 -2.3437500e-002
  7.8125000e-003
  3.1250000e-002
  3.9062500e-002
  3.1250000e-002
  0.0000000e+000
 -4.6875000e-002
 -8.5937500e-002
 -1.1718750e-001
 -1.1718750e-001
 -7.8125000e-002
 -2.3437500e-002
  3.1250000e-002
  7.8125000e-002
  1.0937500e-001
  1.0937500e-001
  8.5937500e-002
  4.6875000e-002
  7.8125000e-003
 -7.8125000e-003
 -1.5625000e-002
 -7.8125000e-003
  0.0000000e+000
  7.8125000e-003
  1.5625000e-002
  2.3437500e-002
  1.5625000e-002
  7.8125000e-003
  7.8125000e-003
  2.3437500e-002
  4.6875000e-002
  7.0312500e-002
  8.5937500e-002
  8.5937500e-002
  8.5937500e-002
  7.0312500e-002
  4.6875000e-002
  1.5625000e-002
  0.0000000e+000
  2.3437500e-002
  4.6875000e-002
  7.0312500e-002
  1.0156250e-001
  1.0937500e-001
  1.0937500e-001
  9.3750000e-002
  7.8125000e-002
  4.6875000e-002
  4.6875000e-002
  7.0312500e-002
  7.0312500e-002
  5.4687500e-002
 -3.9062500e-002
 -2.2656250e-001
 -3.1250000e-001
 -2.9687500e-001
 -2.4218750e-001
 -2.0312500e-001
 -1.0156250e-001
  4.6875000e-002
  1.5625000e-001
  2.0312500e-001
  1.7187500e-001
  1.0937500e-001
  7.0312500e-002
  7.8125000e-003
 -7.8125000e-002
 -1.2500000e-001
 -9.3750000e-002
 -3.9062500e-002
 -2.3437500e-002
 -3.9062500e-002
 -7.0312500e-002
 -1.0156250e-001
 -1.0937500e-001
 -1.1718750e-001
 -1.2500000e-001
 -8.5937500e-002
 -7.8125000e-003
  5.4687500e-002
  8.5937500e-002
  9.3750000e-002
  6.2500000e-002
 -7.8125000e-003
 -7.8125000e-002
 -1.3281250e-001
 -1.7968750e-001
 -1.7187500e-001
 -1.1718750e-001
 -7.0312500e-002
 -3.9062500e-002
  0.0000000e+000
  2.3437500e-002
  2.3437500e-002
  7.8125000e-003
 -2.3437500e-002
 -4.6875000e-002
 -3.9062500e-002
  0.0000000e+000
  1.5625000e-002
  2.3437500e-002
  2.3437500e-002
  0.0000000e+000
 -3.9062500e-002
 -7.0312500e-002
 -1.0156250e-001
 -1.0937500e-001
 -7.8125000e-002
 -3.9062500e-002
  7.8125000e-003
  4.6875000e-002
  9.3750000e-002
  1.1718750e-001
  1.0156250e-001
  7.0312500e-002
  3.1250000e-002
  0.0000000e+000
  0.0000000e+000
  7.8125000e-003
  7.8125000e-003
  7.8125000e-003
  2.3437500e-002
  2.3437500e-002
  2.3437500e-002
  3.1250000e-002
  3.1250000e-002
  4.6875000e-002
  7.0312500e-002
  8.5937500e-002
  9.3750000e-002
  1.0156250e-001
  1.0156250e-001
  8.5937500e-002
  6.2500000e-002
  3.9062500e-002
  3.1250000e-002
  4.6875000e-002
  6.2500000e-002
  8.5937500e-002
  1.0156250e-001
  1.1718750e-001
  1.2500000e-001
  1.2500000e-001
  1.0937500e-001
  8.5937500e-002
  7.0312500e-002
  9.3750000e-002
  1.0156250e-001
  8.5937500e-002
  7.8125000e-002
 -1.5625000e-002
 -1.8750000e-001
 -2.8906250e-001
 -2.7343750e-001
 -2.2656250e-001
 -1.6406250e-001
 -5.4687500e-002
  7.8125000e-002
  1.7187500e-001
  2.2656250e-001
  1.9531250e-001
  1.2500000e-001
  7.8125000e-002
  2.3437500e-002
 -6.2500000e-002
 -9.3750000e-002
 -5.4687500e-002
 -1.5625000e-002
  0.0000000e+000
 -7.8125000e-003
 -4.6875000e-002
 -7.8125000e-002
 -8.5937500e-002
 -1.0156250e-001
 -1.0937500e-001
 -6.2500000e-002
  1.5625000e-002
  7.0312500e-002
  1.0156250e-001
  1.0937500e-001
  7.8125000e-002
  0.0000000e+000
 -5.4687500e-002
 -1.0937500e-001
 -1.7187500e-001
 -1.4062500e-001
 -7.8125000e-002
 -4.6875000e-002
 -7.8125000e-003
  3.1250000e-002
  3.1250000e-002
  2.3437500e-002
  1.5625000e-002
 -2.3437500e-002
 -4.6875000e-002
 -2.3437500e-002
  1.5625000e-002
  3.1250000e-002
  4.6875000e-002
  4.6875000e-002
  1.5625000e-002
 -3.1250000e-002
 -7.0312500e-002
 -1.0156250e-001
 -1.0937500e-001
 -7.0312500e-002
 -2.3437500e-002
  1.5625000e-002
  6.2500000e-002
  1.0156250e-001
  1.0156250e-001
  8.5937500e-002
  6.2500000e-002
  2.3437500e-002
  0.0000000e+000
  0.0000000e+000
  7.8125000e-003
  1.5625000e-002
  2.3437500e-002
  2.3437500e-002
  2.3437500e-002
  2.3437500e-002
  7.8125000e-003
  7.8125000e-003
  1.5625000e-002
  3.9062500e-002
  5.4687500e-002
  7.8125000e-002
  1.0156250e-001
  9.3750000e-002
  7.0312500e-002
  5.4687500e-002
  3.1250000e-002
  2.3437500e-002
  3.9062500e-002
  5.4687500e-002
  6.2500000e-002
  7.8125000e-002
  9.3750000e-002
  1.0156250e-001
  8.5937500e-002
  8.5937500e-002
  7.8125000e-002
  6.2500000e-002
  7.8125000e-002
  8.5937500e-002
  7.8125000e-002
  4.6875000e-002
 -7.0312500e-002
 -2.4218750e-001
 -3.1250000e-001
 -2.8125000e-001
 -2.2656250e-001
 -1.6406250e-001
 -4.6875000e-002
  8.5937500e-002
  1.6406250e-001
  1.8750000e-001
  1.4062500e-001
  8.5937500e-002
  3.9062500e-002
 -1.5625000e-002
 -8.5937500e-002
 -1.0937500e-001
 -5.4687500e-002
 -1.5625000e-002
 -1.5625000e-002
 -3.1250000e-002
 -7.8125000e-002
 -1.1718750e-001
 -1.2500000e-001
 -1.4062500e-001
 -1.3281250e-001
 -7.8125000e-002
  0.0000000e+000
  4.6875000e-002
  7.8125000e-002
  8.5937500e-002
  3.1250000e-002
 -3.9062500e-002
 -8.5937500e-002
 -1.4843750e-001
 -1.8750000e-001
 -1.4843750e-001
 -1.0156250e-001
 -6.2500000e-002
 -2.3437500e-002
  7.8125000e-003
  0.0000000e+000
 -7.8125000e-003
 -1.5625000e-002
 -4.6875000e-002
 -6.2500000e-002
 -3.1250000e-002
  0.0000000e+000
  1.5625000e-002
  3.1250000e-002
  2.3437500e-002
 -1.5625000e-002
 -5.4687500e-002
 -9.3750000e-002
 -1.2500000e-001
 -1.1718750e-001
 -7.8125000e-002
 -3.1250000e-002
  1.5625000e-002
  5.4687500e-002
  9.3750000e-002
  9.3750000e-002
  7.8125000e-002
  4.6875000e-002
  7.8125000e-003
 -7.8125000e-003
 -7.8125000e-003
  0.0000000e+000
  7.8125000e-003
  2.3437500e-002
  2.3437500e-002
  1.5625000e-002
  7.8125000e-003
  0.0000000e+000
  0.0000000e+000
  1.5625000e-002
  4.6875000e-002
  7.0312500e-002
  8.5937500e-002
  1.0156250e-001
  8.5937500e-002
  6.2500000e-002
  4.6875000e-002
  2.3437500e-002
  1.5625000e-002
  2.3437500e-002
  5.4687500e-002
  8.5937500e-002
  9.3750000e-002
  1.0156250e-001
  1.0156250e-001
  7.8125000e-002
  6.2500000e-002
  6.2500000e-002
  6.2500000e-002
  9.3750000e-002
  1.0937500e-001
  1.0156250e-001
  7.0312500e-002
 -3.9062500e-002
 -1.9531250e-001
 -2.8125000e-001
 -2.7343750e-001
 -2.1875000e-001
 -1.5625000e-001
 -3.9062500e-002
  8.5937500e-002
  1.7187500e-001
  2.0312500e-001
  1.6406250e-001
  1.0156250e-001
  4.6875000e-002
  0.0000000e+000
 -6.2500000e-002
 -7.8125000e-002
 -3.9062500e-002
  7.8125000e-003
  1.5625000e-002
  0.0000000e+000
 -3.9062500e-002
 -7.8125000e-002
 -1.0156250e-001
 -1.1718750e-001
 -1.1718750e-001
 -7.0312500e-002
  1.5625000e-002
  6.2500000e-002
  9.3750000e-002
  1.0156250e-001
  5.4687500e-002
 -7.8125000e-003
 -5.4687500e-002
 -1.1718750e-001
 -1.4843750e-001
 -1.1718750e-001
 -7.0312500e-002
 -3.9062500e-002
  0.0000000e+000
  3.1250000e-002
  2.3437500e-002
  1.5625000e-002
  0.0000000e+000
 -3.1250000e-002
 -3.9062500e-002
 -7.8125000e-003
  2.3437500e-002
  3.9062500e-002
  4.6875000e-002
  4.6875000e-002
  1.5625000e-002
 -2.3437500e-002
 -6.2500000e-002
 -9.3750000e-002
 -8.5937500e-002
 -5.4687500e-002
 -7.8125000e-003
  3.1250000e-002
  7.0312500e-002
  1.0156250e-001
  1.0156250e-001
  8.5937500e-002
  6.2500000e-002
  3.1250000e-002
  1.5625000e-002
  2.3437500e-002
  2.3437500e-002
  2.3437500e-002
  3.1250000e-002
  3.1250000e-002
  2.3437500e-002
  1.5625000e-002
  1.5625000e-002
  1.5625000e-002
  3.9062500e-002
  6.2500000e-002
  9.3750000e-002
  9.3750000e-002
  1.0156250e-001
  9.3750000e-002
  6.2500000e-002
  3.9062500e-002
  2.3437500e-002
  2.3437500e-002
  3.9062500e-002
  6.2500000e-002
  9.3750000e-002
  9.3750000e-002
  1.0937500e-001
  1.0156250e-001
  7.0312500e-002
  6.2500000e-002
  4.6875000e-002
  5.4687500e-002
  7.0312500e-002
  8.5937500e-002
  8.5937500e-002
  5.4687500e-002
 -5.4687500e-002
 -2.1093750e-001
 -2.7343750e-001
 -2.5000000e-001
 -2.1093750e-001
 -1.5625000e-001
 -3.9062500e-002
  8.5937500e-002
  1.5625000e-001
  1.7187500e-001
  1.3281250e-001
  7.8125000e-002
  3.1250000e-002
 -2.3437500e-002
 -8.5937500e-002
 -9.3750000e-002
 -4.6875000e-002
 -7.8125000e-003
 -7.8125000e-003
 -1.5625000e-002
 -5.4687500e-002
 -9.3750000e-002
 -1.0937500e-001
 -1.2500000e-001
 -1.2500000e-001
 -7.0312500e-002
 -7.8125000e-003
  3.9062500e-002
  6.2500000e-002
  6.2500000e-002
  7.8125000e-003
 -3.9062500e-002
 -7.8125000e-002
 -1.4062500e-001
 -1.6406250e-001
 -1.2500000e-001
 -7.8125000e-002
 -5.4687500e-002
 -1.5625000e-002
  0.0000000e+000
  0.0000000e+000
 -7.8125000e-003
 -3.1250000e-002
 -6.2500000e-002
 -6.2500000e-002
 -2.3437500e-002
 -7.8125000e-003
  7.8125000e-003
  1.5625000e-002
  7.8125000e-003
 -2.3437500e-002
 -6.2500000e-002
 -9.3750000e-002
 -1.1718750e-001
 -1.0156250e-001
 -6.2500000e-002
 -2.3437500e-002
  7.8125000e-003
  4.6875000e-002
  7.0312500e-002
  6.2500000e-002
  4.6875000e-002
  2.3437500e-002
  0.0000000e+000
  0.0000000e+000
  7.8125000e-003
  7.8125000e-003
  7.8125000e-003
  1.5625000e-002
  7.8125000e-003
 -7.8125000e-003
 -1.5625000e-002
 -2.3437500e-002
 -7.8125000e-003
  1.5625000e-002
  4.6875000e-002
  6.2500000e-002
  7.8125000e-002
  7.8125000e-002
  6.2500000e-002
  3.9062500e-002
  2.3437500e-002
