  2.0194509e-002
 -1.9187042e-002
 -4.4169343e-002
 -5.1199790e-002
 -4.2020426e-002
 -2.2586595e-002
 -5.6675523e-004
  1.7485502e-002
  2.8144456e-002
  3.1605479e-002
  3.0660561e-002
  2.8804156e-002
  2.8419647e-002
  2.9846776e-002
  3.1634057e-002
  3.1695020e-002
  2.8692358e-002
  2.2937844e-002
  1.6403007e-002
  1.1908173e-002
  1.1952370e-002
  1.7777824e-002
  2.9088827e-002
  4.4478193e-002
  6.2255419e-002
  8.1200152e-002
  1.0085477e-001
  1.2125468e-001
  1.4231199e-001
  1.6324904e-001
  1.8243488e-001
  1.9774478e-001
  2.0727351e-001
  2.1004330e-001
  2.0635424e-001
  1.9761753e-001
  1.8578018e-001
  1.7264744e-001
  1.5943433e-001
  1.4672194e-001
  1.3475033e-001
  1.2378531e-001
  1.1426022e-001
  1.0653779e-001
  1.0038262e-001
  9.4446403e-002
  8.6124711e-002
  7.2004508e-002
  4.8847712e-002
  1.4781906e-002
 -2.9766584e-002
 -8.1787795e-002
 -1.3618872e-001
 -1.8690272e-001
 -2.2820248e-001
 -2.5576906e-001
 -2.6722218e-001
 -2.6207849e-001
 -2.4134236e-001
 -2.0703608e-001
 -1.6190743e-001
 -1.0936648e-001
 -5.3512089e-002
  9.8012183e-004
  4.9273997e-002
  8.7082149e-002
  1.1146363e-001
  1.2140392e-001
  1.1792161e-001
  1.0362900e-001
  8.1901387e-002
  5.5969799e-002
  2.8268111e-002
  2.3239655e-004
 -2.7463226e-002
 -5.4438338e-002
 -8.0184338e-002
 -1.0390086e-001
 -1.2463786e-001
 -1.4161906e-001
 -1.5453185e-001
 -1.6360122e-001
 -1.6939618e-001
 -1.7247167e-001
 -1.7304283e-001
 -1.7087310e-001
 -1.6544286e-001
 -1.5631476e-001
 -1.4350551e-001
 -1.2766784e-001
 -1.0998314e-001
 -9.1813115e-002
 -7.4280986e-002
 -5.7986812e-002
 -4.2990819e-002
 -2.9061087e-002
 -1.6048397e-002
 -4.1886430e-003
  5.8279735e-003
  1.3063372e-002
  1.6718740e-002
  1.6519369e-002
  1.2916739e-002
  7.0162412e-003
  2.6762873e-004
 -5.9394406e-003
 -1.0599403e-002
 -1.3209269e-002
 -1.3660852e-002
 -1.1991296e-002
 -8.1331726e-003
 -1.7912870e-003
  7.4987846e-003
  2.0166251e-002
  3.6356221e-002
  5.5750645e-002
  7.7533527e-002
  1.0050683e-001
  1.2330175e-001
  1.4460113e-001
  1.6330025e-001
  1.7857370e-001
  1.8986148e-001
  1.9681819e-001
  1.9927375e-001
  1.9723563e-001
  1.9093412e-001
  1.8088475e-001
  1.6792712e-001
  1.5319843e-001
  1.3801293e-001
  1.2364253e-001
  1.1102505e-001
  1.0046091e-001
  9.1384920e-002
  8.2306819e-002
  7.0990257e-002
  5.4882735e-002
  3.1731067e-002
  2.4255727e-004
 -3.9387889e-002
 -8.5248065e-002
 -1.3386444e-001
 -1.8072085e-001
 -2.2100931e-001
 -2.5041926e-001
 -2.6577689e-001
 -2.6541434e-001
 -2.4924880e-001
 -2.1863903e-001
 -1.7612612e-001
 -1.2514815e-001
 -6.9761517e-002
 -1.4345859e-002
  3.6752010e-002
  7.9651093e-002
  1.1139885e-001
  1.3035585e-001
  1.3637593e-001
  1.3069826e-001
  1.1555952e-001
  9.3636620e-002
  6.7494183e-002
  3.9204287e-002
  1.0229635e-002
 -1.8451264e-002
 -4.6094608e-002
 -7.1971505e-002
 -9.5293314e-002
 -1.1530611e-001
 -1.3148121e-001
 -1.4367514e-001
 -1.5214845e-001
 -1.5740855e-001
 -1.5993794e-001
 -1.5993498e-001
 -1.5719668e-001
 -1.5120918e-001
 -1.4141368e-001
 -1.2753244e-001
 -1.0981064e-001
 -8.9069973e-002
 -6.6556869e-002
 -4.3659818e-002
 -2.1621902e-002
 -1.3642283e-003
  1.6528178e-002
  3.1689584e-002
  4.3817650e-002
  5.2579418e-002
  5.7637272e-002
  5.8783064e-002
  5.6108814e-002
  5.0122488e-002
  4.1745004e-002
  3.2183035e-002
  2.2729756e-002
  1.4573546e-002
  8.6808346e-003
  5.7741213e-003
  6.3756166e-003
  1.0857782e-002
  1.9448357e-002
  3.2173506e-002
  4.8767319e-002
  6.8604187e-002
  9.0707287e-002
  1.1385352e-001
  1.3675009e-001
  1.5822388e-001
  1.7735824e-001
  1.9353654e-001
  2.0639325e-001
  2.1571343e-001
  2.2134013e-001
  2.2314076e-001
  2.2105241e-001
  2.1518758e-001
  2.0595200e-001
  1.9411470e-001
  1.8078115e-001
  1.6724582e-001
  1.5473552e-001
  1.4408862e-001
  1.3544341e-001
  1.2802380e-001
  1.2010668e-001
  1.0922751e-001
  9.2628631e-002
  6.7886582e-002
  3.3588718e-002
 -1.0110405e-002
 -6.1215935e-002
 -1.1600596e-001
 -1.6953396e-001
 -2.1641409e-001
 -2.5170310e-001
 -2.7167137e-001
 -2.7430107e-001
 -2.5944248e-001
 -2.2866234e-001
 -1.8489119e-001
 -1.3199521e-001
 -7.4364065e-002
 -1.6545750e-002
  3.7091339e-002
  8.2702230e-002
  1.1731886e-001
  1.3916530e-001
  1.4784702e-001
  1.4432779e-001
  1.3065986e-001
  1.0951542e-001
  8.3643701e-002
  5.5409592e-002
  2.6538421e-002
 -1.8917571e-003
 -2.9266815e-002
 -5.5186709e-002
 -7.9281053e-002
 -1.0116724e-001
 -1.2054006e-001
 -1.3730513e-001
 -1.5164190e-001
 -1.6391912e-001
 -1.7446693e-001
 -1.8329463e-001
 -1.8988739e-001
 -1.9319520e-001
 -1.9185136e-001
 -1.8455974e-001
 -1.7051708e-001
 -1.4972077e-001
 -1.2306058e-001
 -9.2180457e-002
 -5.9182206e-002
 -2.6288960e-002
  4.4242786e-003
  3.1181433e-002
  5.2554691e-002
  6.7475541e-002
  7.5272522e-002
  7.5761655e-002
  6.9360049e-002
  5.7153705e-002
  4.0849941e-002
  2.2584957e-002
  4.6182181e-003
 -1.1003313e-002
 -2.2712251e-002
 -2.9548038e-002
 -3.1130969e-002
 -2.7529414e-002
 -1.9100527e-002
 -6.3783197e-003
  9.9581217e-003
  2.9056781e-002
  4.9863827e-002
  7.1156237e-002
  9.1666726e-002
  1.1028058e-001
  1.2623884e-001
  1.3926589e-001
  1.4956090e-001
  1.5764374e-001
  1.6410487e-001
  1.6935002e-001
  1.7343706e-001
  1.7606898e-001
  1.7674780e-001
  1.7503019e-001
  1.7078199e-001
  1.6432223e-001
  1.5638113e-001
  1.4786130e-001
  1.3946471e-001
  1.3130514e-001
  1.2264690e-001
  1.1188395e-001
  9.6806864e-002
  7.5116372e-002
  4.5060287e-002
  6.0236398e-003
 -4.1093655e-002
 -9.3820307e-002
 -1.4839648e-001
 -2.0032041e-001
 -2.4501831e-001
 -2.7848140e-001
 -2.9774845e-001
 -3.0117865e-001
 -2.8852791e-001
 -2.6088386e-001
 -2.2051889e-001
 -1.7069191e-001
 -1.1539268e-001
 -5.9003041e-002
 -5.8638263e-003
  4.0219090e-002
  7.6443543e-002
  1.0133852e-001
  1.1484906e-001
  1.1813961e-001
  1.1316450e-001
  1.0213195e-001
  8.7020629e-002
  6.9280151e-002
  4.9770182e-002
  2.8899812e-002
  6.8605364e-003
 -1.6169419e-002
 -3.9931328e-002
 -6.4111438e-002
 -8.8425963e-002
 -1.1267594e-001
 -1.3670410e-001
 -1.6024642e-001
 -1.8273794e-001
 -2.0317118e-001
 -2.2009517e-001
 -2.3178935e-001
 -2.3657378e-001
 -2.3316104e-001
 -2.2094023e-001
 -2.0011443e-001
 -1.7167264e-001
 -1.3723567e-001
 -9.8846691e-002
 -5.8771046e-002
 -1.9335843e-002
  1.7199302e-002
  4.8770500e-002
  7.3660531e-002
  9.0667983e-002
  9.9258950e-002
  9.9651297e-002
  9.2793502e-002
  8.0232926e-002
  6.3904701e-002
  4.5893847e-002
  2.8220084e-002
  1.2671812e-002
  6.8831555e-004
 -6.7259002e-003
 -9.0657005e-003
 -6.3605809e-003
  8.4549315e-004
  1.1595959e-002
  2.4708373e-002
  3.9011806e-002
  5.3569479e-002
  6.7815846e-002
  8.1565423e-002
  9.4901824e-002
  1.0800506e-001
  1.2099753e-001
  1.3387145e-001
  1.4651089e-001
  1.5876702e-001
  1.7051563e-001
  1.8164003e-001
  1.9193459e-001
  2.0098543e-001
  2.0811933e-001
  2.1249410e-001
  2.1333570e-001
  2.1024000e-001
  2.0339676e-001
  1.9359777e-001
  1.8196897e-001
  1.6948931e-001
  1.5647240e-001
  1.4223362e-001
  1.2511735e-001
  1.0292790e-001
  7.3647671e-002
  3.6205205e-002
 -8.9727649e-003
 -5.9812830e-002
 -1.1288807e-001
 -1.6403395e-001
 -2.0907053e-001
 -2.4441240e-001
 -2.6743327e-001
 -2.7657621e-001
 -2.7130271e-001
 -2.5200708e-001
 -2.1997987e-001
 -1.7741674e-001
 -1.2739091e-001
 -7.3683938e-002
 -2.0417204e-002
  2.8478861e-002
  6.9827617e-002
  1.0163008e-001
  1.2321394e-001
  1.3506993e-001
  1.3845367e-001
  1.3491158e-001
  1.2589810e-001
  1.1258834e-001
  9.5888326e-002
  7.6555748e-002
  5.5308895e-002
  3.2833982e-002
  9.6791855e-003
 -1.3895368e-002
 -3.8002187e-002
 -6.3057122e-002
 -8.9539175e-002
 -1.1764790e-001
 -1.4698397e-001
 -1.7637972e-001
 -2.0395202e-001
 -2.2736666e-001
 -2.4422938e-001
 -2.5248585e-001
 -2.5072923e-001
 -2.3836618e-001
 -2.1564973e-001
 -1.8362376e-001
 -1.4402620e-001
 -9.9173893e-002
 -5.1822117e-002
 -4.9766906e-003
  3.8353405e-002
  7.5446742e-002
  1.0415774e-001
  1.2314403e-001
  1.3198591e-001
  1.3118147e-001
  1.2203345e-001
  1.0646407e-001
  8.6793371e-002
  6.5502519e-002
  4.4989037e-002
  2.7319535e-002
  1.4000427e-002
  5.8082095e-003
  2.7313837e-003
  4.0616855e-003
  8.6317201e-003
  1.5143871e-002
  2.2495950e-002
  3.0004259e-002
  3.7461449e-002
  4.5031288e-002
  5.3046557e-002
  6.1809554e-002
  7.1480793e-002
  8.2086979e-002
  9.3611648e-002
  1.0608558e-001
  1.1959422e-001
  1.3416735e-001
  1.4958881e-001
  1.6522356e-001
  1.7997311e-001
  1.9242595e-001
  2.0118449e-001
  2.0526203e-001
  2.0439419e-001
  1.9912573e-001
  1.9061200e-001
  1.8018447e-001
  1.6882511e-001
  1.5673579e-001
  1.4315956e-001
  1.2652298e-001
  1.0485931e-001
  7.6383004e-002
  4.0048160e-002
 -4.0558754e-003
 -5.4554551e-002
 -1.0889003e-001
 -1.6362061e-001
 -2.1483552e-001
 -2.5860678e-001
 -2.9142213e-001
 -3.1056443e-001
 -3.1441444e-001
 -3.0265195e-001
 -2.7632552e-001
 -2.3776458e-001
 -1.9032534e-001
 -1.3799350e-001
 -8.4901392e-002
 -3.4841216e-002
  9.1393254e-003
  4.4991752e-002
  7.1740301e-002
  8.9384128e-002
  9.8673040e-002
  1.0082096e-001
  9.7222119e-002
  8.9220128e-002
  7.7955611e-002
  6.4292968e-002
  4.8807384e-002
  3.1805102e-002
  1.3354126e-002
 -6.6836696e-003
 -2.8610921e-002
 -5.2823485e-002
 -7.9689509e-002
 -1.0937424e-001
 -1.4163250e-001
 -1.7561834e-001
 -2.0977686e-001
 -2.4187623e-001
 -2.6920696e-001
 -2.8892842e-001
 -2.9849622e-001
 -2.9607664e-001
 -2.8085618e-001
 -2.5318568e-001
 -2.1454615e-001
 -1.6736785e-001
 -1.1475928e-001
 -6.0202340e-002
 -7.2496851e-003
  4.0763482e-002
  8.0993121e-002
  1.1133951e-001
  1.3065421e-001
  1.3885755e-001
  1.3692257e-001
  1.2670531e-001
  1.1064282e-001
  9.1381542e-002
  7.1420401e-002
  5.2842157e-002
  3.7169087e-002
  2.5331461e-002
  1.7704005e-002
  1.4161853e-002
  1.4133103e-002
  1.6662643e-002
  2.0526586e-002
  2.4429773e-002
  2.7279337e-002
  2.8474277e-002
  2.8114147e-002
  2.7034509e-002
  2.6628298e-002
  2.8491795e-002
  3.4005432e-002
  4.3987974e-002
  5.8531539e-002
  7.7047248e-002
  9.8463929e-002
  1.2146795e-001
  1.4467786e-001
  1.6670881e-001
  1.8616430e-001
  2.0164962e-001
  2.1189642e-001
  2.1601867e-001
  2.1382044e-001
  2.0600023e-001
  1.9409422e-001
  1.8008719e-001
  1.6576445e-001
  1.5201701e-001
  1.3837569e-001
  1.2299683e-001
  1.0316515e-001
  7.6178539e-002
  4.0321273e-002
 -4.4127507e-003
 -5.6094467e-002
 -1.1119081e-001
 -1.6530592e-001
 -2.1405088e-001
 -2.5375089e-001
 -2.8180901e-001
 -2.9671878e-001
 -2.9786799e-001
 -2.8533530e-001
 -2.5982901e-001
 -2.2278903e-001
 -1.7654032e-001
 -1.2432197e-001
 -7.0054300e-002
 -1.7829270e-002
  2.8746797e-002
  6.7137825e-002
  9.6180051e-002
  1.1600094e-001
  1.2761126e-001
  1.3235598e-001
  1.3145039e-001
  1.2576311e-001
  1.1587251e-001
  1.0228595e-001
  8.5641376e-002
  6.6738996e-002
  4.6361258e-002
  2.4972013e-002
  2.4710936e-003
 -2.1826399e-002
 -4.8914685e-002
 -7.9595451e-002
 -1.1393447e-001
 -1.5089453e-001
 -1.8829707e-001
 -2.2313313e-001
 -2.5210785e-001
 -2.7222491e-001
 -2.8122924e-001
 -2.7781467e-001
 -2.6161946e-001
 -2.3311669e-001
 -1.9351991e-001
 -1.4476639e-001
 -8.9548694e-002
 -3.1293241e-002
  2.6025460e-002
  7.8285629e-002
  1.2178293e-001
  1.5381586e-001
  1.7311377e-001
  1.7997061e-001
  1.7604792e-001
  1.6392332e-001
  1.4653684e-001
  1.2669680e-001
  1.0675136e-001
  8.8446516e-002
  7.2917924e-002
  6.0736897e-002
  5.1954608e-002
  4.6140465e-002
  4.2454899e-002
  3.9804101e-002
  3.7088722e-002
  3.3500460e-002
  2.8774478e-002
  2.3301473e-002
  1.8048441e-002
  1.4312359e-002
  1.3399043e-002
  1.6345362e-002
  2.3772713e-002
  3.5888136e-002
  5.2573863e-002
  7.3466823e-002
  9.7948626e-002
  1.2503556e-001
  1.5324083e-001
  1.8053192e-001
  2.0449152e-001
  2.2271092e-001
  2.3333124e-001
  2.3555481e-001
  2.2992290e-001
  2.1821732e-001
  2.0297231e-001
  1.8672980e-001
  1.7127336e-001
  1.5709265e-001
  1.4325163e-001
  1.2769389e-001
  1.0787241e-001
  8.1495093e-002
  4.7164493e-002
  4.7549204e-003
 -4.4521375e-002
 -9.8304558e-002
 -1.5342219e-001
 -2.0625856e-001
 -2.5309431e-001
 -2.9040906e-001
 -3.1517463e-001
 -3.2516061e-001
 -3.1923588e-001
 -2.9760392e-001
 -2.6188691e-001
 -2.1499251e-001
 -1.6075528e-001
 -1.0341753e-001
 -4.7071117e-002
  4.8061794e-003
  4.9622886e-002
  8.5730025e-002
  1.1231129e-001
  1.2920317e-001
  1.3673948e-001
  1.3567062e-001
  1.2714377e-001
  1.1268042e-001
  9.4075802e-002
  7.3179408e-002
  5.1579403e-002
  3.0277828e-002
  9.4746587e-003
 -1.1439720e-002
 -3.3648453e-002
 -5.8478697e-002
 -8.6900098e-002
 -1.1910060e-001
 -1.5426220e-001
 -1.9058969e-001
 -2.2556183e-001
 -2.5631141e-001
 -2.8001972e-001
 -2.9423749e-001
 -2.9709864e-001
 -2.8744781e-001
 -2.6493015e-001
 -2.3008093e-001
 -1.8441197e-001
 -1.3044627e-001
 -7.1629048e-002
 -1.2060094e-002
  4.3952879e-002
  9.2450719e-002
  1.3036549e-001
  1.5591387e-001
  1.6874448e-001
  1.6981773e-001
  1.6107785e-001
  1.4503096e-001
  1.2434879e-001
  1.0157754e-001
  7.8966961e-002
  5.8379137e-002
  4.1216245e-002
  2.8328580e-002
  1.9914163e-002
  1.5468414e-002
  1.3857401e-002
  1.3557252e-002
  1.3035927e-002
  1.1181893e-002
  7.6437525e-003
  2.9593153e-003
 -1.5788288e-003
 -4.2785075e-003
 -3.4997580e-003
  1.9517033e-003
  1.2610151e-002
  2.8352190e-002
  4.8559540e-002
  7.2325532e-002
  9.8589312e-002
  1.2614206e-001
  1.5353852e-001
  1.7901919e-001
  2.0056433e-001
  2.1614940e-001
  2.2417148e-001
  2.2391547e-001
  2.1587499e-001
  2.0176665e-001
  1.8417491e-001
  1.6589892e-001
  1.4918987e-001
  1.3511753e-001
  1.2326772e-001
  1.1186287e-001
  9.8259784e-002
  7.9665096e-002
  5.3859746e-002
  1.9749064e-002
 -2.2364462e-002
 -7.0792806e-002
 -1.2269306e-001
 -1.7442466e-001
 -2.2195618e-001
 -2.6128092e-001
 -2.8882897e-001
 -3.0186689e-001
 -2.9885481e-001
 -2.7970159e-001
 -2.4584669e-001
 -2.0011741e-001
 -1.4636175e-001
 -8.8921942e-002
 -3.2062983e-002
  2.0517676e-002
  6.6005033e-002
  1.0257503e-001
  1.2933225e-001
  1.4615519e-001
  1.5353048e-001
  1.5242444e-001
  1.4419109e-001
  1.3047769e-001
  1.1308057e-001
  9.3730344e-002
  7.3831644e-002
  5.4224556e-002
  3.5050099e-002
  1.5781034e-002
 -4.5709539e-003
 -2.7118918e-002
 -5.2724356e-002
 -8.1679365e-002
 -1.1352055e-001
 -1.4700180e-001
 -1.8020674e-001
 -2.1075333e-001
 -2.3604072e-001
 -2.5350553e-001
 -2.6087698e-001
 -2.5643174e-001
 -2.3924281e-001
 -2.0939539e-001
 -1.6812119e-001
 -1.1779585e-001
 -6.1761826e-002
 -3.9798167e-003
  5.1439509e-002
  1.0073362e-001
  1.4091498e-001
  1.7004697e-001
  1.8733500e-001
  1.9305076e-001
  1.8834590e-001
  1.7502258e-001
  1.5531163e-001
  1.3167625e-001
  1.0662870e-001
  8.2535009e-002
  6.1395221e-002
  4.4617460e-002
  3.2836320e-002
  2.5841528e-002
  2.2668732e-002
  2.1861829e-002
  2.1859548e-002
  2.1410550e-002
  1.9901981e-002
  1.7506817e-002
  1.5110289e-002
  1.4045758e-002
  1.5729545e-002
  2.1310143e-002
  3.1430705e-002
  4.6152677e-002
  6.5024495e-002
  8.7229207e-002
  1.1172864e-001
  1.3734474e-001
  1.6276848e-001
  1.8653917e-001
  2.0706588e-001
  2.2275275e-001
  2.3224216e-001
  2.3472486e-001
  2.3021202e-001
  2.1964909e-001
  2.0478621e-001
  1.8779668e-001
  1.7072672e-001
  1.5493022e-001
  1.4066329e-001
  1.2697400e-001
  1.1193423e-001
  9.3155324e-002
  6.8443152e-002
  3.6412312e-002
 -3.0975251e-003
 -4.8889633e-002
 -9.8560227e-002
 -1.4885415e-001
 -1.9611442e-001
 -2.3672265e-001
 -2.6746710e-001
 -2.8582280e-001
 -2.9015925e-001
 -2.7989507e-001
 -2.5559841e-001
 -2.1900479e-001
 -1.7291015e-001
 -1.2090993e-001
 -6.6993853e-002
 -1.5056329e-002
  3.1579135e-002
  7.0515585e-002
  1.0044197e-001
  1.2107753e-001
  1.3294589e-001
  1.3706779e-001
  1.3467004e-001
  1.2697998e-001
  1.1512425e-001
  1.0010235e-001
  8.2779455e-002
  6.3851508e-002
  4.3770011e-002
  2.2657126e-002
  2.6954152e-004
 -2.3933220e-002
 -5.0594884e-002
 -8.0173794e-002
 -1.1263682e-001
 -1.4723236e-001
 -1.8242122e-001
 -2.1599595e-001
 -2.4535973e-001
 -2.6788914e-001
 -2.8128956e-001
 -2.8386966e-001
 -2.7470267e-001
 -2.5368537e-001
 -2.2153161e-001
 -1.7973602e-001
 -1.3052019e-001
 -7.6743797e-002
 -2.1745953e-002
  3.0909717e-002
  7.7780737e-002
  1.1593448e-001
  1.4330042e-001
  1.5890196e-001
  1.6291180e-001
  1.5652473e-001
  1.4169346e-001
  1.2080556e-001
  9.6379380e-002
  7.0828413e-002
  4.6301088e-002
  2.4569842e-002
  6.9346694e-003
 -5.8744683e-003
 -1.3777448e-002
 -1.7358420e-002
 -1.7764084e-002
 -1.6464423e-002
 -1.4906974e-002
 -1.4148106e-002
 -1.4571320e-002
 -1.5786905e-002
 -1.6751636e-002
 -1.6072019e-002
 -1.2390731e-002
 -4.7305374e-003
  7.3059781e-003
  2.3519423e-002
  4.3243715e-002
  6.5535072e-002
  8.9323380e-002
  1.1346788e-001
  1.3672466e-001
  1.5769361e-001
  1.7483715e-001
  1.8663683e-001
  1.9188766e-001
  1.9005068e-001
  1.8153021e-001
  1.6774034e-001
  1.5088188e-001
  1.3344880e-001
  1.1758462e-001
  1.0447518e-001
  9.3968376e-002
  8.4549394e-002
  7.3693734e-002
  5.8506817e-002
  3.6476534e-002
  6.1398983e-003
 -3.2498888e-002
 -7.7880928e-002
 -1.2712284e-001
 -1.7647431e-001
 -2.2187406e-001
 -2.5948086e-001
 -2.8609515e-001
 -2.9943899e-001
 -2.9830585e-001
 -2.8261338e-001
 -2.5338945e-001
 -2.1270165e-001
 -1.6351903e-001
 -1.0948479e-001
 -5.4588503e-002
 -2.7542676e-003
  4.2603367e-002
  7.8976384e-002
  1.0502725e-001
  1.2065540e-001
  1.2684703e-001
  1.2534460e-001
  1.1821955e-001
  1.0745372e-001
  9.4623806e-002
  8.0742837e-002
  6.6259120e-002
  5.1166143e-002
  3.5155113e-002
  1.7750930e-002
 -1.5938870e-003
 -2.3432776e-002
 -4.8245849e-002
 -7.6309914e-002
 -1.0751094e-001
 -1.4113730e-001
 -1.7572885e-001
 -2.0906424e-001
 -2.3833902e-001
 -2.6052785e-001
 -2.7285910e-001
 -2.7328619e-001
 -2.6083612e-001
 -2.3575505e-001
 -1.9943658e-001
 -1.5418385e-001
 -1.0289517e-001
 -4.8761136e-002
  4.9751089e-003
  5.5193468e-002
  9.9045299e-002
  1.3411897e-001
  1.5864130e-001
  1.7168999e-001
  1.7335515e-001
  1.6477842e-001
  1.4802352e-001
  1.2578346e-001
  1.0098259e-001
  7.6365257e-002
  5.4161042e-002
  3.5883999e-002
  2.2276402e-002
  1.3367993e-002
  8.6055491e-003
  7.0161175e-003
  7.3886314e-003
  8.4749322e-003
  9.2095145e-003
  8.9272345e-003
  7.5328529e-003
  5.5646037e-003
  4.1097617e-003
  4.5728502e-003
  8.3502826e-003
  1.6503880e-002
  2.9529137e-002
  4.7277444e-002
  6.9029798e-002
  9.3661506e-002
  1.1981147e-001
  1.4598912e-001
  1.7060691e-001
  1.9198785e-001
  2.0843045e-001
  2.1839601e-001
  2.2081868e-001
  2.1545492e-001
  2.0312942e-001
  1.8573385e-001
  1.6590360e-001
  1.4641404e-001
  1.2945485e-001
  1.1600826e-001
  1.0554140e-001
  9.6126623e-002
  8.4962136e-002
  6.9134174e-002
  4.6390779e-002
  1.5711427e-002
 -2.2455937e-002
 -6.6298427e-002
 -1.1298709e-001
 -1.5912772e-001
 -2.0118680e-001
 -2.3582716e-001
 -2.6015707e-001
 -2.7193730e-001
 -2.6978689e-001
 -2.5338777e-001
 -2.2363897e-001
 -1.8268362e-001
 -1.3374566e-001
 -8.0764785e-002
 -2.7885814e-002
  2.1088178e-002
  6.3155149e-002
  9.6390741e-002
  1.2000656e-001
  1.3421790e-001
  1.3999196e-001
  1.3875750e-001
  1.3213711e-001
  1.2172938e-001
  1.0894012e-001
  9.4850687e-002
  8.0118784e-002
  6.4922619e-002
  4.8970028e-002
  3.1590619e-002
  1.1911330e-002
 -1.0908342e-002
 -3.7424493e-002
 -6.7689838e-002
 -1.0110933e-001
 -1.3639518e-001
 -1.7162782e-001
 -2.0441501e-001
 -2.3213177e-001
 -2.5221617e-001
 -2.6248699e-001
 -2.6143901e-001
 -2.4846641e-001
 -2.2396916e-001
 -1.8931819e-001
 -1.4668679e-001
 -9.8789558e-002
 -4.8591246e-002
  9.5349113e-004
  4.7093140e-002
  8.7405200e-002
  1.1988584e-001
  1.4304337e-001
  1.5601747e-001
  1.5870943e-001
  1.5187316e-001
  1.3710262e-001
  1.1667056e-001
  9.3220785e-002
  6.9371729e-002
  4.7328411e-002
  2.8602680e-002
  1.3906572e-002
  3.2249011e-003
 -3.9830300e-003
 -8.5329298e-003
 -1.1290490e-002
 -1.3011802e-002
 -1.4247835e-002
 -1.5286040e-002
 -1.6104339e-002
 -1.6337704e-002
 -1.5285938e-002
 -1.2001418e-002
 -5.4754256e-003
  5.1021873e-003
  2.0080881e-002
  3.9176243e-002
  6.1456286e-002
  8.5500055e-002
  1.0967171e-001
  1.3240580e-001
  1.5239989e-001
  1.6866139e-001
  1.8043404e-001
  1.8709480e-001
  1.8812992e-001
  1.8325377e-001
  1.7264589e-001
  1.5719190e-001
  1.3857161e-001
  1.1907131e-001
  1.0110116e-001
  8.6531515e-002
  7.6064290e-002
  6.8877649e-002
  6.2706523e-002
  5.4374014e-002
  4.0627539e-002
  1.9024476e-002
 -1.1400891e-002
 -4.9871212e-002
 -9.4036281e-002
 -1.4047054e-001
 -1.8530346e-001
 -2.2478987e-001
 -2.5570308e-001
 -2.7553914e-001
 -2.8260307e-001
 -2.7607116e-001
 -2.5608386e-001
 -2.2385076e-001
 -1.8168749e-001
 -1.3288984e-001
 -8.1395387e-002
 -3.1266173e-002
  1.3893213e-002
  5.1428238e-002
  7.9906657e-002
  9.9114080e-002
  1.0981008e-001
  1.1335331e-001
  1.1132495e-001
  1.0524722e-001
  9.6428901e-002
  8.5908131e-002
  7.4431994e-002
  6.2424365e-002
  4.9934404e-002
  3.6601965e-002
  2.1695987e-002
  4.2654510e-003
 -1.6602594e-002
 -4.1474265e-002
 -7.0296440e-002
 -1.0224318e-001
 -1.3572583e-001
 -1.6855896e-001
 -1.9823054e-001
 -2.2220686e-001
 -2.3821411e-001
 -2.4446698e-001
 -2.3984172e-001
 -2.2400250e-001
 -1.9748131e-001
 -1.6169399e-001
 -1.1886355e-001
 -7.1829012e-002
 -2.3746820e-002
  2.2271001e-002
  6.3508762e-002
  9.7912048e-002
  1.2421400e-001
  1.4191642e-001
  1.5116486e-001
  1.5258299e-001
  1.4712825e-001
  1.3600106e-001
  1.2060056e-001
  1.0248979e-001
  8.3327093e-002
  6.4740315e-002
  4.8154118e-002
  3.4612660e-002
  2.4653088e-002
  1.8274706e-002
  1.5019124e-002
  1.4141547e-002
  1.4826867e-002
  1.6395375e-002
  1.8451879e-002
  2.0952449e-002
  2.4185386e-002
  2.8680610e-002
  3.5071831e-002
  4.3940007e-002
  5.5667058e-002
  7.0326362e-002
  8.7630141e-002
  1.0694210e-001
  1.2734785e-001
  1.4776070e-001
  1.6703288e-001
  1.8404809e-001
  1.9778786e-001
  2.0738564e-001
  2.1219396e-001
  2.1188371e-001
  2.0656782e-001
  1.9690662e-001
  1.8412697e-001
  1.6989150e-001
  1.5599477e-001
  1.4393041e-001
  1.3444093e-001
  1.2719851e-001
  1.2074794e-001
  1.1277064e-001
  1.0062411e-001
  8.2014199e-002
  5.5607456e-002
  2.1409992e-002
 -1.9179993e-002
 -6.3628115e-002
 -1.0871553e-001
 -1.5103192e-001
 -1.8737857e-001
 -2.1502240e-001
 -2.3182412e-001
 -2.3631560e-001
 -2.2780055e-001
 -2.0650156e-001
 -1.7370674e-001
 -1.3181942e-001
 -8.4215083e-002
 -3.4865708e-002
  1.2219922e-002
  5.3610393e-002
  8.6955310e-002
  1.1124095e-001
  1.2674059e-001
  1.3470108e-001
  1.3688396e-001
  1.3510539e-001
  1.3088929e-001
  1.2528249e-001
  1.1881348e-001
  1.1153651e-001
  1.0310369e-001
  9.2839875e-002
  7.9833025e-002
  6.3073102e-002
  4.1660127e-002
  1.5065163e-002
 -1.6613701e-002
 -5.2479824e-002
 -9.0817846e-002
 -1.2924814e-001
 -1.6502349e-001
 -1.9539244e-001
 -2.1794171e-001
 -2.3085078e-001
 -2.3303346e-001
 -2.2418100e-001
 -2.0474205e-001
 -1.7587007e-001
 -1.3934716e-001
 -9.7471727e-002
 -5.2891290e-002
 -8.3764750e-003
  3.3440395e-002
  7.0314608e-002
  1.0057303e-001
  1.2319753e-001
  1.3780655e-001
  1.4456680e-001
  1.4408276e-001
  1.3730276e-001
  1.2545288e-001
  1.0997939e-001
  9.2465920e-002
  7.4500210e-002
  5.7495377e-002
  4.2504157e-002
  3.0084312e-002
  2.0266396e-002
  1.2643271e-002
  6.5581463e-003
  1.3343146e-003
 -3.5201558e-003
 -8.1828587e-003
 -1.2479982e-002
 -1.5927411e-002
 -1.7819569e-002
 -1.7339089e-002
 -1.3675871e-002
 -6.1571877e-003
  5.6102075e-003
  2.1600909e-002
  4.1270255e-002
  6.3537443e-002
  8.6883959e-002
  1.0956283e-001
  1.2987044e-001
  1.4640316e-001
  1.5822365e-001
  1.6489870e-001
  1.6642671e-001
  1.6311921e-001
  1.5551407e-001
  1.4436648e-001
  1.3070309e-001
  1.1586548e-001
  1.0144649e-001
  8.9054364e-002
  7.9919371e-002
  7.4448883e-002
  7.1897290e-002
  7.0310439e-002
  6.6825403e-002
  5.8282575e-002
  4.1988781e-002
  1.6408124e-002
 -1.8420903e-002
 -6.0846539e-002
 -1.0791711e-001
 -1.5591173e-001
 -2.0090952e-001
 -2.3925168e-001
 -2.6783694e-001
 -2.8428305e-001
 -2.8703877e-001
 -2.7551944e-001
 -2.5027507e-001
 -2.1312272e-001
 -1.6713067e-001
 -1.1635975e-001
 -6.5346099e-002
 -1.8414585e-002
  2.1005323e-002
  5.0870286e-002
  7.0685513e-002
  8.1313278e-002
  8.4518088e-002
  8.2413911e-002
  7.6984215e-002
  6.9785613e-002
  6.1853315e-002
  5.3745906e-002
  4.5632798e-002
  3.7349159e-002
  2.8401491e-002
  1.7966858e-002
  4.9567092e-003
 -1.1802514e-002
 -3.3275117e-002
 -5.9874594e-002
 -9.1179950e-002
 -1.2581016e-001
 -1.6151001e-001
 -1.9543292e-001
 -2.2454713e-001
 -2.4606366e-001
 -2.5779483e-001
 -2.5838907e-001
 -2.4743227e-001
 -2.2543724e-001
 -1.9375313e-001
 -1.5442025e-001
 -1.0998323e-001
 -6.3270699e-002
 -1.7154223e-002
  2.5689491e-002
  6.2982688e-002
  9.2991567e-002
  1.1460346e-001
  1.2734728e-001
  1.3137976e-001
  1.2745549e-001
  1.1688082e-001
  1.0143102e-001
  8.3202256e-002
  6.4383506e-002
  4.6966758e-002
  3.2451939e-002
  2.1626298e-002
  1.4491209e-002
  1.0370555e-002
  8.1774413e-003
  6.7631505e-003
  5.2463025e-003
  3.2317065e-003
  8.7153881e-004
 -1.2231726e-003
 -2.1684460e-003
 -1.0210792e-003
  3.0374930e-003
  1.0575540e-002
  2.1842633e-002
  3.6742393e-002
  5.4832506e-002
  7.5350167e-002
  9.7270173e-002
  1.1939995e-001
  1.4050146e-001
  1.5941377e-001
  1.7514564e-001
  1.8692019e-001
  1.9418118e-001
  1.9659463e-001
  1.9408562e-001
  1.8692710e-001
  1.7585366e-001
  1.6212975e-001
  1.4748593e-001
  1.3386546e-001
  1.2299426e-001
  1.1587295e-001
  1.1235290e-001
  1.1096360e-001
  1.0909645e-001
  1.0353683e-001
  9.1215443e-002
  6.9970368e-002
  3.9104711e-002
 -4.0421740e-004
 -4.6071052e-002
 -9.4354413e-002
 -1.4123591e-001
 -1.8276635e-001
 -2.1547774e-001
 -2.3664223e-001
 -2.4442395e-001
 -2.3798788e-001
 -2.1760000e-001
 -1.8469782e-001
 -1.4186656e-001
 -9.2651425e-002
 -4.1178950e-002
  8.3701861e-003
  5.2329527e-002
  8.8021939e-002
  1.1403049e-001
  1.3021809e-001
  1.3752471e-001
  1.3762606e-001
  1.3255337e-001
  1.2435055e-001
  1.1480286e-001
  1.0523610e-001
  9.6373736e-002
  8.8253544e-002
  8.0226970e-002
  7.1074592e-002
  5.9253501e-002
  4.3251370e-002
  2.1975394e-002
 -4.9225986e-003
 -3.6873538e-002
 -7.2413473e-002
 -1.0938008e-001
 -1.4521075e-001
 -1.7725225e-001
 -2.0301484e-001
 -2.2035106e-001
 -2.2758513e-001
 -2.2363643e-001
 -2.0816210e-001
 -1.8169975e-001
 -1.4575058e-001
 -1.0273046e-001
 -5.5746886e-002
 -8.2203535e-003
  3.6566562e-002
  7.5874382e-002
  1.0776174e-001
  1.3114413e-001
  1.4568643e-001
  1.5161747e-001
  1.4956740e-001
  1.4049131e-001
  1.2567570e-001
  1.0676356e-001
  8.5711299e-002
  6.4619162e-002
  4.5442391e-002
  2.9659780e-002
  1.8014300e-002
  1.0426167e-002
  6.1178511e-003
  3.9108408e-003
  2.5922451e-003
  1.2323873e-003
 -6.3304674e-004
 -2.9800589e-003
 -5.3951747e-003
 -7.2267305e-003
 -7.7266047e-003
 -6.1555062e-003
 -1.8629050e-003
  5.6301203e-003
  1.6529364e-002
  3.0663453e-002
  4.7421764e-002
  6.5781929e-002
  8.4445726e-002
  1.0205422e-001
  1.1741229e-001
  1.2964380e-001
  1.3823056e-001
  1.4294648e-001
  1.4375222e-001
  1.4073422e-001
  1.3414083e-001
  1.2450005e-001
  1.1273367e-001
  1.0015169e-001
  8.8242916e-002
  7.8266784e-002
  7.0758771e-002
  6.5136760e-002
  5.9595144e-002
  5.1388732e-002
  3.7468791e-002
  1.5296140e-002
 -1.6419444e-002
 -5.7284249e-002
 -1.0521258e-001
 -1.5681773e-001
 -2.0804493e-001
 -2.5483309e-001
 -2.9362596e-001
 -3.2165307e-001
 -3.3701367e-001
 -3.3866943e-001
 -3.2645332e-001
 -3.0113983e-001
 -2.6453519e-001
 -2.1948474e-001
 -1.6969416e-001
 -1.1932428e-001
 -7.2416310e-002
 -3.2287732e-002
 -1.0673663e-003
  2.0502349e-002
  3.2959536e-002
  3.7777610e-002
  3.6910650e-002
  3.2366060e-002
  2.5893530e-002
  1.8807676e-002
  1.1904692e-002
  5.4176855e-003
 -1.0170721e-003
 -8.3624661e-003
 -1.8095453e-002
 -3.1981982e-002
 -5.1705538e-002
 -7.8411520e-002
 -1.1228620e-001
 -1.5230268e-001
 -1.9622602e-001
 -2.4088997e-001
 -2.8267168e-001
 -3.1803408e-001
 -3.4400018e-001
 -3.5846666e-001
 -3.6033291e-001
 -3.4948314e-001
 -3.2668888e-001
 -2.9348987e-001
 -2.5207615e-001
 -2.0515780e-001
 -1.5579189e-001
 -1.0714814e-001
 -6.2226433e-002
 -2.3570938e-002
  6.9600380e-003
  2.8322340e-002
  4.0297820e-002
  4.3410008e-002
  3.8783897e-002
  2.7987656e-002
  1.2874323e-002
 -4.5806841e-003
 -2.2459366e-002
 -3.9100298e-002
 -5.3293945e-002
 -6.4427403e-002
 -7.2526673e-002
 -7.8165597e-002
 -8.2251816e-002
 -8.5743685e-002
 -8.9377839e-002
 -9.3482286e-002
 -9.7916516e-002
 -1.0213368e-001
 -1.0532158e-001
 -1.0656527e-001
 -1.0498713e-001
 -9.9849541e-002
 -9.0632439e-002
 -7.7106628e-002
 -5.9411323e-002
 -3.8119263e-002
 -1.4253250e-002
  1.0781075e-002
  3.5356306e-002
  5.7849934e-002
  7.6876517e-002
  9.1458433e-002
  1.0109238e-001
  1.0571353e-001
  1.0560203e-001
  1.0129487e-001
  9.3548190e-002
  8.3349877e-002
  7.1933121e-002
  6.0716674e-002
  5.1115850e-002
  4.4225935e-002
  4.0452927e-002
  3.9220242e-002
  3.8884639e-002
  3.6941459e-002
  3.0505494e-002
  1.6956126e-002
 -5.4263031e-003
 -3.7006239e-002
 -7.6633743e-002
 -1.2179818e-001
 -1.6902167e-001
 -2.1436670e-001
 -2.5393322e-001
 -2.8426438e-001
 -3.0263970e-001
 -3.0727855e-001
 -2.9748652e-001
 -2.7375526e-001
 -2.3779028e-001
 -1.9241893e-001
 -1.4133869e-001
 -8.8705898e-002
 -3.8619424e-002
  5.4024358e-003
  4.0841920e-002
  6.6415149e-002
  8.2088376e-002
  8.8903307e-002
  8.8675524e-002
  8.3638084e-002
  7.6085431e-002
  6.8047248e-002
  6.1005827e-002
  5.5672910e-002
  5.1857676e-002
  4.8470497e-002
  4.3700222e-002
  3.5368316e-002
  2.1409630e-002
  3.7826944e-004
 -2.8147054e-002
 -6.3365429e-002
 -1.0331312e-001
 -1.4515264e-001
 -1.8559965e-001
 -2.2136882e-001
 -2.4953878e-001
 -2.6778950e-001
 -2.7452494e-001
 -2.6893237e-001
 -2.5102920e-001
 -2.2171434e-001
 -1.8279483e-001
 -1.3692763e-001
 -8.7422592e-002
 -3.7894847e-002
  8.1829664e-003
  4.7927784e-002
  7.9377578e-002
  1.0162475e-001
  1.1473540e-001
  1.1951023e-001
  1.1718896e-001
  1.0920073e-001
  9.7020694e-002
  8.2128964e-002
  6.6014231e-002
  5.0145963e-002
  3.5864314e-002
  2.4192060e-002
  1.5630213e-002
  1.0029251e-002
  6.6148689e-003
  4.1946574e-003
  1.5025150e-003
 -2.4190684e-003
 -7.9181186e-003
 -1.4607158e-002
 -2.1445820e-002
 -2.6996791e-002
 -2.9767996e-002
 -2.8537083e-002
 -2.2574342e-002
 -1.1724937e-002
  3.6390979e-003
  2.2750660e-002
  4.4603939e-002
  6.8085875e-002
  9.2056718e-002
  1.1537991e-001
  1.3692154e-001
  1.5554961e-001
  1.7016292e-001
  1.7977023e-001
  1.8362446e-001
  1.8139516e-001
  1.7333996e-001
  1.6041754e-001
  1.4428016e-001
  1.2710028e-001
  1.1122468e-001
  9.8703669e-002
  9.0795349e-002
  8.7575848e-002
  8.7778643e-002
  8.8936963e-002
  8.7823714e-002
  8.1098915e-002
  6.6013829e-002
  4.1005339e-002
  6.0486938e-003
 -3.7292000e-002
 -8.6094542e-002
 -1.3650626e-001
 -1.8425749e-001
 -2.2516245e-001
 -2.5554727e-001
 -2.7258615e-001
 -2.7455255e-001
 -2.6099356e-001
 -2.3281843e-001
 -1.9227288e-001
 -1.4276498e-001
 -8.8526212e-002
 -3.4128798e-002
  1.6076246e-002
  5.8504185e-002
  9.0762891e-002
  1.1188123e-001
  1.2230391e-001
  1.2366688e-001
  1.1840823e-001
  1.0929262e-001
  9.8931098e-002
  8.9368190e-002
  8.1790557e-002
  7.6391540e-002
  7.2404920e-002
  6.8298348e-002
  6.2092941e-002
  5.1753902e-002
  3.5583935e-002
  1.2552566e-002
 -1.7488347e-002
 -5.3724399e-002
 -9.4426080e-002
 -1.3709681e-001
 -1.7869065e-001
 -2.1587812e-001
 -2.4535091e-001
 -2.6416056e-001
 -2.7007446e-001
 -2.6190846e-001
 -2.3977131e-001
 -2.0514861e-001
 -1.6077515e-001
 -1.1029266e-001
 -5.7751220e-002
 -7.0626157e-003
  3.8470162e-002
  7.6448957e-002
  1.0546441e-001
  1.2500043e-001
  1.3524307e-001
  1.3688897e-001
  1.3101807e-001
  1.1903913e-001
  1.0266388e-001
  8.3842365e-002
  6.4609332e-002
  4.6840565e-002
  3.1973901e-002
  2.0783764e-002
  1.3292490e-002
  8.8577385e-003
  6.4125966e-003
  4.7820775e-003
  2.9795830e-003
  4.0635750e-004
 -3.0762683e-003
 -7.1821181e-003
 -1.1293566e-002
 -1.4565327e-002
 -1.6017094e-002
 -1.4624881e-002
 -9.4366461e-003
  2.7278310e-004
  1.4823513e-002
  3.3977600e-002
  5.6872309e-002
  8.2081870e-002
  1.0780571e-001
  1.3213245e-001
  1.5330095e-001
  1.6988816e-001
  1.8089504e-001
  1.8575460e-001
  1.8432139e-001
  1.7689694e-001
  1.6430245e-001
  1.4794829e-001
  1.2980727e-001
  1.1220356e-001
  9.7390759e-002
  8.6989829e-002
  8.1447131e-002
  7.9710330e-002
  7.9278499e-002
  7.6670714e-002
  6.8214925e-002
  5.0942697e-002
  2.3333737e-002
 -1.4295162e-002
 -5.9839840e-002
 -1.0983643e-001
 -1.6009859e-001
 -2.0636325e-001
 -2.4479129e-001
 -2.7226597e-001
 -2.8652917e-001
 -2.8624805e-001
 -2.7109388e-001
 -2.4185365e-001
 -2.0052137e-001
 -1.5027178e-001
 -9.5230411e-002
 -4.0017519e-002
  1.0868940e-002
  5.3695853e-002
  8.6005662e-002
  1.0687435e-001
  1.1687301e-001
  1.1777407e-001
  1.1210190e-001
  1.0264268e-001
  9.2003109e-002
  8.2264022e-002
  7.4737619e-002
  6.9822501e-002
  6.6958787e-002
  6.4701090e-002
  6.0931286e-002
  5.3214000e-002
  3.9258652e-002
  1.7409267e-002
 -1.2941664e-002
 -5.1111539e-002
 -9.5114711e-002
 -1.4187714e-001
 -1.8762433e-001
 -2.2835782e-001
 -2.6033510e-001
 -2.8048918e-001
 -2.8675274e-001
 -2.7827229e-001
 -2.5550402e-001
 -2.2018048e-001
 -1.7513786e-001
 -1.2400647e-001
 -7.0794415e-002
 -1.9425425e-002
  2.6688124e-002
  6.4960895e-002
  9.3793363e-002
  1.1257384e-001
  1.2156512e-001
  1.2173602e-001
  1.1458839e-001
  1.0199915e-001
  8.6064802e-002
  6.8920991e-002
  5.2522370e-002
  3.8401499e-002
  2.7460773e-002
  1.9866226e-002
  1.5093858e-002
  1.2131977e-002
  9.7871927e-003
  7.0032731e-003
  3.1003490e-003
 -2.1216680e-003
 -8.4141412e-003
 -1.5193326e-002
 -2.1665002e-002
 -2.6907946e-002
 -2.9909999e-002
 -2.9596193e-002
 -2.4907030e-002
 -1.4963866e-002
  6.9346583e-004
  2.1867413e-002
  4.7561000e-002
  7.6015124e-002
  1.0494612e-001
  1.3192804e-001
  1.5480622e-001
  1.7201851e-001
  1.8274229e-001
  1.8686100e-001
  1.8481535e-001
  1.7743772e-001
  1.6584793e-001
  1.5142632e-001
  1.3581041e-001
  1.2082287e-001
  1.0825634e-001
  9.9509566e-002
  9.5159949e-002
  9.4623519e-002
  9.6059196e-002
  9.6609876e-002
  9.2960264e-002
  8.2076388e-002
  6.1922224e-002
  3.1954164e-002
 -6.7288863e-003
 -5.1586464e-002
 -9.9089126e-002
 -1.4526750e-001
 -1.8621346e-001
 -2.1845185e-001
 -2.3918044e-001
 -2.4643132e-001
 -2.3921543e-001
 -2.1767423e-001
 -1.8320432e-001
 -1.3847641e-001
 -8.7266621e-002
 -3.4062292e-002
  1.6521300e-002
  6.0403890e-002
  9.4633456e-002
  1.1777024e-001
  1.2997754e-001
  1.3281448e-001
  1.2879913e-001
  1.2085508e-001
  1.1176091e-001
  1.0369760e-001
  9.7949317e-002
  9.4775694e-002
  9.3447820e-002
  9.2426400e-002
  8.9652878e-002
  8.2916283e-002
  7.0248200e-002
  5.0289457e-002
  2.2571460e-002
 -1.2332706e-002
 -5.2808309e-002
 -9.6342469e-002
 -1.3977992e-001
 -1.7964859e-001
 -2.1251446e-001
 -2.3533407e-001
 -2.4578094e-001
 -2.4252224e-001
 -2.2541463e-001
 -1.9558155e-001
 -1.5533703e-001
 -1.0794143e-001
 -5.7209966e-002
 -7.0351439e-003
  3.9087369e-002
  7.8436083e-002
  1.0927680e-001
  1.3089105e-001
  1.4345042e-001
  1.4780259e-001
  1.4524227e-001
  1.3731940e-001
  1.2570027e-001
  1.1206338e-001
  9.7996848e-002
  8.4873690e-002
  7.3708944e-002
  6.5032135e-002
  5.8823903e-002
  5.4556580e-002
  5.1348101e-002
  4.8199625e-002
  4.4257009e-002
  3.9028037e-002
  3.2503962e-002
  2.5167325e-002
  1.7903038e-002
  1.1851892e-002
  8.2480379e-003
  8.2675889e-003
  1.2895498e-002
  2.2804533e-002
  3.8241098e-002
  5.8926178e-002
  8.3996468e-002
  1.1201871e-001
  1.4110156e-001
  1.6910445e-001
  1.9391169e-001
  2.1371600e-001
  2.2725054e-001
  2.3392486e-001
  2.3385097e-001
  2.2777717e-001
  2.1696501e-001
  2.0304237e-001
  1.8784644e-001
  1.7324827e-001
  1.6093953e-001
  1.5217398e-001
  1.4748759e-001
  1.4645973e-001
  1.4760254e-001
  1.4845918e-001
  1.4594808e-001
  1.3691988e-001
  1.1882038e-001
  9.0304431e-002
  5.1643514e-002
  4.8180704e-003
 -4.6729544e-002
 -9.8614453e-002
 -1.4616710e-001
 -1.8507568e-001
 -2.1188940e-001
 -2.2432295e-001
 -2.2137206e-001
 -2.0329724e-001
 -1.7154061e-001
 -1.2861312e-001
 -7.7944533e-002
 -2.3654785e-002
  2.9797227e-002
  7.8095352e-002
  1.1762647e-001
  1.4600955e-001
  1.6245721e-001
  1.6785483e-001
  1.6451037e-001
  1.5561901e-001
  1.4456939e-001
  1.3426128e-001
  1.2659270e-001
  1.2221536e-001
  1.2057287e-001
  1.2016098e-001
  1.1890613e-001
  1.1456057e-001
  1.0504683e-001
  8.8731416e-002
  6.4641304e-002
  3.2642864e-002
 -6.4177378e-003
 -5.0644839e-002
 -9.7147038e-002
 -1.4226014e-001
 -1.8194755e-001
 -2.1233098e-001
 -2.3025391e-001
 -2.3375657e-001
 -2.2235669e-001
 -1.9707993e-001
 -1.6025009e-001
 -1.1510746e-001
 -6.5354296e-002
 -1.4722072e-002
  3.3376259e-002
  7.6087587e-002
  1.1126551e-001
  1.3754802e-001
  1.5438462e-001
  1.6201509e-001
  1.6138903e-001
  1.5401638e-001
  1.4175460e-001
  1.2656068e-001
  1.1025264e-001
  9.4326163e-002
  7.9854866e-002
  6.7475056e-002
  5.7429979e-002
  4.9637387e-002
  4.3751988e-002
  3.9216626e-002
  3.5319780e-002
  3.1288308e-002
  2.6434586e-002
  2.0348685e-002
  1.3091294e-002
  5.3194029e-003
 -1.7211974e-003
 -6.3705756e-003
 -6.8774355e-003
 -1.7963967e-003
  9.6479808e-003
  2.7336418e-002
  5.0235817e-002
  7.6588111e-002
  1.0424404e-001
  1.3103702e-001
  1.5508964e-001
  1.7498228e-001
  1.8977405e-001
  1.9892592e-001
  2.0220924e-001
  1.9967574e-001
  1.9172091e-001
  1.7920942e-001
  1.6357855e-001
  1.4681657e-001
  1.3124286e-001
  1.1908532e-001
  1.1193608e-001
  1.1023397e-001
  1.1294391e-001
  1.1756544e-001
  1.2051495e-001
  1.1781615e-001
  1.0593922e-001
  8.2582502e-002
  4.7207631e-002
  1.2117751e-003
 -5.2277613e-002
 -1.0890434e-001
 -1.6374115e-001
 -2.1195461e-001
 -2.4936419e-001
 -2.7284078e-001
 -2.8054395e-001
 -2.7202727e-001
 -2.4824113e-001
 -2.1144301e-001
 -1.6500367e-001
 -1.1309313e-001
 -6.0247741e-002
 -1.0855351e-002
  3.1368548e-002
  6.3820925e-002
  8.5282926e-002
  9.5972961e-002
  9.7379532e-002
  9.1917513e-002
  8.2479592e-002
  7.1960008e-002
  6.2815710e-002
  5.6711457e-002
  5.4280448e-002
  5.5024430e-002
  5.7372963e-002
  5.8911972e-002
  5.6770529e-002
  4.8122416e-002
  3.0724834e-002
  3.3947240e-003
 -3.3674337e-002
 -7.8821490e-002
 -1.2907111e-001
 -1.8049215e-001
 -2.2868926e-001
 -2.6933653e-001
 -2.9867618e-001
 -3.1392896e-001
 -3.1358840e-001
 -2.9758489e-001
 -2.6730801e-001
 -2.2547448e-001
 -1.7583545e-001
 -1.2273914e-001
 -7.0598849e-002
 -2.3350554e-002
  1.5999571e-002
  4.5650602e-002
  6.5061292e-002
  7.4797991e-002
  7.6242511e-002
  7.1251420e-002
  6.1848252e-002
  4.9992776e-002
  3.7427034e-002
  2.5568405e-002
  1.5418544e-002
  7.4808692e-003
  1.7112678e-003
 -2.4550477e-003
 -5.9676423e-003
 -9.9203249e-003
 -1.5257582e-002
 -2.2511961e-002
 -3.1654685e-002
 -4.2103173e-002
 -5.2869706e-002
 -6.2783064e-002
 -7.0694943e-002
 -7.5605181e-002
 -7.6692635e-002
 -7.3294114e-002
 -6.4902272e-002
 -5.1238356e-002
 -3.2403895e-002
 -9.0536158e-003
  1.7505675e-002
  4.5375411e-002
  7.2312430e-002
  9.6110802e-002
  1.1500251e-001
  1.2794634e-001
  1.3471810e-001
  1.3579774e-001
  1.3213170e-001
  1.2488955e-001
  1.1531367e-001
  1.0468876e-001
  9.4372765e-002
  8.5778322e-002
  8.0206176e-002
  7.8508890e-002
  8.0669735e-002
  8.5465636e-002
  9.0397690e-002
  9.2002012e-002
  8.6520961e-002
  7.0774078e-002
  4.2980007e-002
  3.2844491e-003
 -4.6155314e-002
 -1.0153139e-001
 -1.5805545e-001
 -2.1072684e-001
 -2.5499972e-001
 -2.8723352e-001
 -3.0491974e-001
 -3.0675907e-001
 -2.9268260e-001
 -2.6386955e-001
 -2.2274247e-001
 -1.7286467e-001
 -1.1865897e-001
 -6.4918956e-002
 -1.6169503e-002
  2.3988682e-002
  5.3385819e-002
  7.1509990e-002
  7.9407088e-002
  7.9304183e-002
  7.4077156e-002
  6.6701365e-002
  5.9790657e-002
  5.5269813e-002
  5.4172654e-002
  5.6537062e-002
  6.1382734e-002
  6.6789026e-002
  7.0110684e-002
  6.8356830e-002
  5.8711508e-002
  3.9111869e-002
  8.7541989e-003
 -3.1605138e-002
 -7.9639814e-002
 -1.3173997e-001
 -1.8351844e-001
 -2.3040983e-001
 -2.6823413e-001
 -2.9363758e-001
 -3.0438246e-001
 -2.9950377e-001
 -2.7936554e-001
 -2.4563259e-001
 -2.0114419e-001
 -1.4966080e-001
 -9.5469449e-002
 -4.2877331e-002
  4.3249301e-003
  4.3316807e-002
  7.2513877e-002
  9.1593501e-002
  1.0130110e-001
  1.0312172e-001
  9.8927519e-002
  9.0690269e-002
  8.0293132e-002
  6.9417976e-002
  5.9453627e-002
  5.1381862e-002
  4.5642748e-002
  4.2031451e-002
  3.9703013e-002
  3.7340994e-002
  3.3485587e-002
  2.6944256e-002
  1.7159559e-002
  4.4110910e-003
 -1.0215777e-002
 -2.5075850e-002
 -3.8328921e-002
 -4.8293415e-002
 -5.3681924e-002
 -5.3678221e-002
 -4.7891319e-002
 -3.6270159e-002
 -1.9060887e-002
  3.1581871e-003
  2.9393432e-002
  5.8180183e-002
  8.7632384e-002
  1.1563208e-001
  1.4012672e-001
  1.5944761e-001
  1.7254905e-001
  1.7910132e-001
  1.7943469e-001
  1.7439101e-001
  1.6516355e-001
  1.5318254e-001
  1.4004691e-001
  1.2744746e-001
  1.1700649e-001
  1.0999254e-001
  1.0694402e-001
  1.0731640e-001
  1.0930977e-001
  1.1000847e-001
  1.0587177e-001
  9.3489824e-002
  7.0411854e-002
  3.5812427e-002
 -9.1952566e-003
 -6.1677916e-002
 -1.1737635e-001
 -1.7141404e-001
 -2.1902252e-001
 -2.5612389e-001
 -2.7969726e-001
 -2.8794677e-001
 -2.8034274e-001
 -2.5760738e-001
 -2.2167238e-001
 -1.7558084e-001
 -1.2327512e-001
 -6.9226942e-002
 -1.7920420e-002
  2.6732987e-002
  6.1921622e-002
  8.6275417e-002
  9.9941990e-002
  1.0439235e-001
  1.0202380e-001
  9.5668365e-002
  8.8112777e-002
  8.1700658e-002
  7.8042182e-002
  7.7825605e-002
  8.0720696e-002
  8.5380882e-002
  8.9570304e-002
  9.0443606e-002
  8.4980041e-002
  7.0525885e-002
  4.5350454e-002
  9.0950646e-003
 -3.6993772e-002
 -9.0107346e-002
 -1.4618694e-001
 -2.0043678e-001
 -2.4793434e-001
 -2.8423321e-001
 -3.0587837e-001
 -3.1078643e-001
 -2.9846930e-001
 -2.7009020e-001
 -2.2834306e-001
 -1.7715130e-001
 -1.2120067e-001
 -6.5355275e-002
 -1.4042905e-002
  2.9280076e-002
  6.2481188e-002
  8.4858548e-002
  9.7001439e-002
  1.0046643e-001
  9.7369016e-002
  8.9991993e-002
  8.0479222e-002
  7.0635280e-002
  6.1810857e-002
  5.4838198e-002
  4.9993181e-002
  4.6988469e-002
  4.5025671e-002
  4.2936392e-002
  3.9418272e-002
  3.3332906e-002
  2.3997970e-002
  1.1394763e-002
 -3.7675659e-003
 -2.0146058e-002
 -3.5982901e-002
 -4.9383711e-002
 -5.8585726e-002
 -6.2168532e-002
 -5.9193414e-002
 -4.9283464e-002
 -3.2663180e-002
 -1.0163748e-002
  1.6818860e-002
  4.6435136e-002
  7.6573624e-002
  1.0511488e-001
  1.3019778e-001
  1.5043228e-001
  1.6500606e-001
  1.7367140e-001
  1.7664678e-001
  1.7449895e-001
  1.6806749e-001
  1.5845454e-001
  1.4704473e-001
  1.3547715e-001
  1.2548842e-001
  1.1859427e-001
  1.1565883e-001
  1.1648131e-001
  1.1956620e-001
  1.2221309e-001
  1.2096691e-001
  1.1234547e-001
  9.3655992e-002
  6.3672022e-002
  2.2983450e-002
 -2.6059547e-002
 -7.9758115e-002
 -1.3368124e-001
 -1.8330345e-001
 -2.2451992e-001
 -2.5398140e-001
 -2.6927927e-001
 -2.6905864e-001
 -2.5312596e-001
 -2.2255980e-001
 -1.7976579e-001
 -1.2837983e-001
 -7.2942900e-002
 -1.8343274e-002
  3.0884861e-002
  7.1245359e-002
  1.0077073e-001
  1.1919475e-001
  1.2777977e-001
  1.2887426e-001
  1.2534368e-001
  1.2002526e-001
  1.1531097e-001
  1.1288929e-001
  1.1361477e-001
  1.1745085e-001
  1.2345271e-001
  1.2980270e-001
  1.3394964e-001
  1.3290704e-001
  1.2372461e-001
  1.0407729e-001
  7.2848948e-002
  3.0556779e-002
 -2.0513672e-002
 -7.6519208e-002
 -1.3257604e-001
 -1.8346203e-001
 -2.2434473e-001
 -2.5139132e-001
 -2.6217226e-001
 -2.5583931e-001
 -2.3311165e-001
 -1.9612352e-001
 -1.4817640e-001
 -9.3413918e-002
 -3.6420692e-002
  1.8247709e-002
  6.6569133e-002
  1.0552388e-001
  1.3343758e-001
  1.5011587e-001
  1.5673020e-001
  1.5547555e-001
  1.4907993e-001
  1.4028031e-001
  1.3137848e-001
  1.2395553e-001
  1.1877143e-001
  1.1582628e-001
  1.1452850e-001
  1.1390952e-001
  1.1283831e-001
  1.1021195e-001
  1.0511677e-001
  9.6962809e-002
  8.5591243e-002
  7.1346510e-002
  5.5098665e-002
  3.8201609e-002
  2.2380012e-002
  9.5491747e-003
  1.5843518e-003
  6.6521714e-005
  6.0393036e-003
  1.9815932e-002
  4.0874494e-002
  6.7871408e-002
  9.8785273e-002
  1.3117668e-001
  1.6252010e-001
  1.9054132e-001
  2.1348863e-001
  2.3028355e-001
  2.4053396e-001
  2.4443650e-001
  2.4262796e-001
  2.3605206e-001
  2.2588396e-001
  2.1350936e-001
  2.0050980e-001
  1.8858273e-001
  1.7934130e-001
  1.7399016e-001
  1.7294291e-001
  1.7550181e-001
  1.7973489e-001
  1.8264656e-001
  1.8065449e-001
  1.7028744e-001
  1.4894147e-001
  1.1550583e-001
  7.0703768e-002
  1.7075062e-002
 -4.1375788e-002
 -9.9762140e-002
 -1.5298836e-001
 -1.9638382e-001
 -2.2621176e-001
 -2.4001941e-001
 -2.3683367e-001
 -2.1721926e-001
 -1.8320889e-001
 -1.3810169e-001
 -8.6124674e-002
 -3.1969451e-002
  1.9751489e-002
  6.5052390e-002
  1.0103423e-001
  1.2617683e-001
  1.4041833e-001
  1.4502367e-001
  1.4228353e-001
  1.3510597e-001
  1.2656302e-001
  1.1944095e-001
  1.1583115e-001
  1.1679519e-001
  1.2214584e-001
  1.3039337e-001
  1.3890060e-001
  1.4426156e-001
  1.4286812e-001
  1.3157368e-001
  1.0832232e-001
  7.2607792e-002
  2.5662496e-002
 -2.9655653e-002
 -8.9236538e-002
 -1.4825441e-001
 -2.0175283e-001
 -2.4518311e-001
 -2.7484377e-001
 -2.8821028e-001
 -2.8416476e-001
 -2.6312966e-001
 -2.2708582e-001
 -1.7943595e-001
 -1.2467847e-001
 -6.7891353e-002
 -1.4082537e-002
  3.2481218e-002
  6.8827332e-002
  9.3589086e-002
  1.0701180e-001
  1.1067101e-001
  1.0699447e-001
  9.8720438e-002
  8.8419093e-002
  7.8160117e-002
  6.9348524e-002
  6.2699698e-002
  5.8300618e-002
  5.5710671e-002
  5.4080405e-002
  5.2291219e-002
  4.9127964e-002
  4.3485257e-002
  3.4585116e-002
  2.2163272e-002
  6.5775704e-003
 -1.1191696e-002
 -2.9650013e-002
 -4.6977114e-002
 -6.1252597e-002
 -7.0679616e-002
 -7.3784563e-002
 -6.9587894e-002
 -5.7746712e-002
 -3.8659957e-002
 -1.3509560e-002
  1.5799769e-002
  4.6829817e-002
  7.6922026e-002
  1.0358368e-001
  1.2485875e-001
  1.3958635e-001
  1.4747970e-001
  1.4901832e-001
  1.4521185e-001
  1.3733558e-001
  1.2673447e-001
  1.1474437e-001
  1.0270708e-001
  9.1995192e-002
  8.3945784e-002
  7.9641195e-002
  7.9557426e-002
  8.3189662e-002
  8.8817196e-002
  9.3556524e-002
  9.3769425e-002
  8.5770602e-002
  6.6664903e-002
  3.5084160e-002
 -8.3856952e-003
 -6.1202383e-002
 -1.1927379e-001
 -1.7763950e-001
 -2.3123260e-001
 -2.7553977e-001
 -3.0705052e-001
 -3.2348136e-001
 -3.2383526e-001
 -3.0838102e-001
 -2.7861010e-001
 -2.3717021e-001
 -1.8772442e-001
 -1.3466923e-001
 -8.2679616e-002
 -3.6116916e-002
  1.5930240e-003
  2.8464023e-002
  4.4201206e-002
  5.0128404e-002
  4.8809832e-002
  4.3467397e-002
  3.7340173e-002
  3.3127097e-002
  3.2605980e-002
  3.6455838e-002
  4.4253693e-002
  5.4591179e-002
  6.5263478e-002
  7.3510647e-002
  7.6317698e-002
  7.0786659e-002
  5.4574129e-002
  2.6349704e-002
 -1.3807676e-002
 -6.4176445e-002
 -1.2140832e-001
 -1.8083216e-001
 -2.3701796e-001
 -2.8450893e-001
 -3.1858678e-001
 -3.3592765e-001
 -3.3503291e-001
 -3.1637093e-001
 -2.8222706e-001
 -2.3631262e-001
 -1.8321903e-001
 -1.2781556e-001
 -7.4680877e-002
 -2.7636960e-002
  1.0573699e-002
  3.8452570e-002
  5.5756510e-002
  6.3374607e-002
  6.3096153e-002
  5.7299301e-002
  4.8593085e-002
  3.9449439e-002
  3.1866349e-002
  2.7105828e-002
  2.5547464e-002
  2.6686595e-002
  2.9284793e-002
  3.1652162e-002
  3.2012200e-002
  2.8879197e-002
  2.1372610e-002
  9.4060901e-003
 -6.2817912e-003
 -2.4250553e-002
 -4.2595563e-002
 -5.9240327e-002
 -7.2220626e-002
 -7.9912847e-002
 -8.1184049e-002
 -7.5466555e-002
 -6.2775819e-002
 -4.3692881e-002
 -1.9323576e-002
  8.7673067e-003
  3.8658944e-002
  6.8226684e-002
  9.5344356e-002
  1.1811884e-001
  1.3512092e-001
  1.4556721e-001
  1.4941266e-001
  1.4733163e-001
  1.4059160e-001
  1.3084893e-001
  1.1991130e-001
  1.0951201e-001
  1.0112740e-001
  9.5847164e-002
  9.4287617e-002
  9.6528183e-002
  1.0205742e-001
  1.0973289e-001
  1.1778187e-001
  1.2388449e-001
  1.2537803e-001
  1.1959549e-001
  1.0430966e-001
  7.8208281e-002
  4.1293754e-002
 -4.9018029e-003
 -5.7364133e-002
 -1.1192495e-001
 -1.6381799e-001
 -2.0835163e-001
 -2.4155934e-001
 -2.6070186e-001
 -2.6454168e-001
 -2.5337407e-001
 -2.2885536e-001
 -1.9370218e-001
 -1.5133571e-001
 -1.0552180e-001
 -6.0026652e-002
 -1.8286391e-002
  1.6910565e-002
  4.3710588e-002
  6.1407506e-002
  7.0522579e-002
  7.2703191e-002
  7.0427368e-002
  6.6551694e-002
  6.3786047e-002
  6.4201321e-002
  6.8866977e-002
  7.7678290e-002
  8.9384329e-002
  1.0178607e-001
  1.1205303e-001
  1.1710781e-001
  1.1404191e-001
  1.0053666e-001
  7.5261343e-002
  3.8203225e-002
 -9.1346050e-003
 -6.3737192e-002
 -1.2133043e-001
 -1.7687835e-001
 -2.2525515e-001
 -2.6196594e-001
 -2.8376784e-001
 -2.8906562e-001
 -2.7801795e-001
 -2.5236804e-001
 -2.1507750e-001
 -1.6987141e-001
 -1.2079005e-001
 -7.1801557e-002
 -2.6483465e-002
  1.2245440e-002
  4.2357315e-002
  6.2897916e-002
  7.4074481e-002
  7.7192350e-002
  7.4406353e-002
  6.8305092e-002
  6.1406777e-002
  5.5686207e-002
  5.2252680e-002
  5.1254392e-002
  5.2012954e-002
  5.3321265e-002
  5.3797540e-002
  5.2192299e-002
  4.7587281e-002
  3.9482631e-002
  2.7813059e-002
  1.2945315e-002
 -4.3132841e-003
 -2.2706125e-002
 -4.0562408e-002
 -5.5924994e-002
 -6.6790886e-002
 -7.1434029e-002
 -6.8733614e-002
 -5.8412250e-002
 -4.1108863e-002
 -1.8263463e-002
  8.1471599e-003
  3.5939157e-002
  6.3023785e-002
  8.7616374e-002
  1.0833483e-001
  1.2421588e-001
  1.3469931e-001
  1.3962240e-001
  1.3923642e-001
  1.3422436e-001
  1.2568200e-001
  1.1503168e-001
  1.0386496e-001
  9.3740908e-002
  8.5984310e-002
  8.1524176e-002
  8.0790957e-002
  8.3665556e-002
  8.9459889e-002
  9.6915985e-002
  1.0423398e-001
  1.0916333e-001
  1.0919825e-001
  1.0189714e-001
  8.5300745e-002
  5.8372699e-002
  2.1352852e-002
 -2.4083102e-002
 -7.4921714e-002
 -1.2716346e-001
 -1.7635560e-001
 -2.1819093e-001
 -2.4905315e-001
 -2.6642194e-001
 -2.6910094e-001
 -2.5727733e-001
 -2.3244502e-001
 -1.9722272e-001
 -1.5508219e-001
 -1.0999061e-001
 -6.5975658e-002
 -2.6646589e-002
  5.2631248e-003
  2.8244427e-002
  4.2170376e-002
  4.8216859e-002
  4.8557187e-002
  4.5898325e-002
  4.2961947e-002
  4.2015376e-002
  4.4528470e-002
  5.0988204e-002
  6.0863020e-002
  7.2688790e-002
  8.4249618e-002
  9.2839933e-002
  9.5603577e-002
  8.9938674e-002
  7.3932940e-002
  4.6763550e-002
  8.9764794e-003
 -3.7432757e-002
 -8.9178207e-002
 -1.4206709e-001
 -1.9153666e-001
 -2.3323823e-001
 -2.6356111e-001
 -2.8001765e-001
 -2.8145621e-001
 -2.6810918e-001
 -2.4150615e-001
 -2.0428254e-001
 -1.5990222e-001
 -1.1230235e-001
 -6.5473022e-002
 -2.3004722e-002
  1.2335739e-002
  3.8922262e-002
  5.6406371e-002
  6.5634660e-002
  6.8360387e-002
  6.6816308e-002
  6.3249827e-002
  5.9523664e-002
  5.6856270e-002
  5.5729512e-002
  5.5945545e-002
  5.6786296e-002
  5.7223435e-002
  5.6138895e-002
  5.2533567e-002
  4.5712767e-002
  3.5436546e-002
  2.2014888e-002
  6.3224002e-003
 -1.0286419e-002
 -2.6159156e-002
 -3.9593509e-002
 -4.9096082e-002
 -5.3590128e-002
 -5.2526630e-002
 -4.5886545e-002
 -3.4098537e-002
 -1.7919921e-002
  1.6712474e-003
  2.3546770e-002
  4.6467146e-002
  6.9118936e-002
  9.0185450e-002
  1.0846706e-001
  1.2303539e-001
  1.3337721e-001
  1.3947451e-001
  1.4178460e-001
  1.4112035e-001
  1.3847009e-001
  1.3481894e-001
  1.3102753e-001
  1.2779091e-001
  1.2565660e-001
  1.2504719e-001
  1.2622828e-001
  1.2919218e-001
  1.3347920e-001
  1.3800981e-001
  1.4102544e-001
  1.4021909e-001
  1.3308001e-001
  1.1740056e-001
  9.1825588e-002
  5.6294485e-002
  1.2245646e-002
 -3.7482361e-002
 -8.9032957e-002
 -1.3810018e-001
 -1.8054545e-001
 -2.1292912e-001
 -2.3286816e-001
 -2.3919429e-001
 -2.3194290e-001
 -2.1223179e-001
 -1.8208586e-001
 -1.4423731e-001
 -1.0189977e-001
 -5.8498316e-002
 -1.7343955e-002
  1.8729994e-002
  4.7717360e-002
  6.8698278e-002
  8.1934293e-002
  8.8757007e-002
  9.1258976e-002
  9.1848290e-002
  9.2763489e-002
  9.5651280e-002
  1.0128538e-001
  1.0946205e-001
  1.1906315e-001
  1.2824700e-001
  1.3471723e-001
  1.3602934e-001
  1.2991015e-001
  1.1457699e-001
  8.9041008e-002
  5.3364751e-002
  8.8269194e-003
 -4.2059621e-002
 -9.5717311e-002
 -1.4786677e-001
 -1.9404173e-001
 -2.3017092e-001
 -2.5311842e-001
 -2.6107982e-001
 -2.5376657e-001
 -2.3236202e-001
 -1.9928263e-001
 -1.5781155e-001
 -1.1168010e-001
 -6.4659867e-002
 -2.0203827e-002
  1.8846686e-002
  5.0482373e-002
  7.3664692e-002
  8.8365880e-002
  9.5490591e-002
  9.6670126e-002
  9.3945254e-002
  8.9385350e-002
  8.4717000e-002
  8.1041982e-002
  7.8706736e-002
  7.7347069e-002
  7.6085292e-002
  7.3818361e-002
  6.9517771e-002
  6.2469749e-002
  5.2412592e-002
  3.9564595e-002
  2.4566869e-002
  8.3804167e-003
 -7.8262613e-003
 -2.2778863e-002
 -3.5187320e-002
 -4.3835974e-002
 -4.7686516e-002
 -4.5995993e-002
 -3.8436367e-002
 -2.5188866e-002
 -6.9821765e-003
  1.4948844e-002
  3.8989811e-002
  6.3342916e-002
  8.6257497e-002
  1.0624968e-001
  1.2226747e-001
  1.3377122e-001
  1.4072171e-001
  1.4349159e-001
  1.4273517e-001
  1.3925856e-001
  1.3392494e-001
  1.2760944e-001
  1.2119164e-001
  1.1555130e-001
  1.1152418e-001
  1.0978639e-001
  1.1066664e-001
  1.1392460e-001
  1.1856843e-001
  1.2279619e-001
  1.2412822e-001
  1.1975002e-001
  1.0702209e-001
  8.4054346e-002
  5.0210168e-002
  6.4109897e-003
 -4.4842762e-002
 -9.9748606e-002
 -1.5371822e-001
 -2.0202109e-001
 -2.4042488e-001
 -2.6571893e-001
 -2.7605005e-001
 -2.7105046e-001
 -2.5177917e-001
 -2.2052029e-001
 -1.8048394e-001
 -1.3544661e-001
 -8.9357142e-002
 -4.5932377e-002
 -8.2724484e-003
  2.1463105e-002
  4.2271150e-002
  5.4370674e-002
  5.9095995e-002
  5.8625114e-002
  5.5582808e-002
  5.2582728e-002
  5.1783290e-002
  5.4527061e-002
  6.1115735e-002
  7.0748637e-002
  8.1627943e-002
  9.1212428e-002
  9.6584961e-002
  9.4886957e-002
  8.3764991e-002
  6.1771326e-002
  2.8662478e-002
 -1.4450316e-002
 -6.5127408e-002
 -1.1980889e-001
 -1.7418340e-001
 -2.2367219e-001
 -2.6396462e-001
 -2.9153305e-001
 -3.0405626e-001
 -3.0069302e-001
 -2.8216782e-001
 -2.5065709e-001
 -2.0949275e-001
 -1.6272709e-001
 -1.1462276e-001
 -6.9142244e-002
 -2.9508661e-002
  2.1042268e-003
  2.4718278e-002
  3.8525619e-002
  4.4709230e-002
  4.5146627e-002
  4.2046011e-002
  3.7569167e-002
  3.3494316e-002
  3.0965920e-002
  3.0367050e-002
  3.1332744e-002
  3.2900180e-002
  3.3766081e-002
  3.2599089e-002
  2.8341761e-002
  2.0439102e-002
  8.9496267e-003
 -5.4737336e-003
 -2.1711417e-002
 -3.8366970e-002
 -5.3964015e-002
 -6.7107259e-002
 -7.6589347e-002
 -8.1452572e-002
 -8.1031459e-002
 -7.5001900e-002
 -6.3445425e-002
 -4.6912456e-002
 -2.6448838e-002
 -3.5467992e-003
  2.0001292e-002
  4.2335884e-002
  6.1805022e-002
  7.7214187e-002
  8.7985158e-002
  9.4182650e-002
  9.6407597e-002
  9.5596680e-002
  9.2793836e-002
  8.8961396e-002
  8.4876365e-002
  8.1120023e-002
  7.8131338e-002
  7.6270771e-002
  7.5839926e-002
  7.7024174e-002
  7.9761830e-002
  8.3581224e-002
  8.7472114e-002
  8.9860657e-002
  8.8735252e-002
  8.1929589e-002
  6.7521526e-002
  4.4266413e-002
  1.1964253e-002
 -2.8331780e-002
 -7.4323919e-002
 -1.2270359e-001
 -1.6956659e-001
 -2.1092716e-001
 -2.4323358e-001
 -2.6379801e-001
 -2.7108318e-001
 -2.6482475e-001
 -2.4599905e-001
 -2.1666363e-001
 -1.7970129e-001
 -1.3849444e-001
 -9.6553818e-002
 -5.7130243e-002
 -2.2850054e-002
  4.5733548e-003
  2.4497692e-002
  3.7341555e-002
  4.4401237e-002
  4.7531314e-002
  4.8759727e-002
  4.9920513e-002
  5.2372688e-002
  5.6838161e-002
  6.3351123e-002
  7.1284327e-002
  7.9415707e-002
  8.6020394e-002
  8.9003838e-002
  8.6110866e-002
  7.5237036e-002
  5.4830180e-002
  2.4316127e-002
 -1.5561283e-002
 -6.2604549e-002
 -1.1331161e-001
 -1.6331349e-001
 -2.0801640e-001
 -2.4329885e-001
 -2.6609898e-001
 -2.7476707e-001
 -2.6913783e-001
 -2.5036205e-001
 -2.2059577e-001
 -1.8265490e-001
 -1.3970982e-001
 -9.5037691e-002
 -5.1804576e-002
 -1.2835537e-002
  1.9643283e-002
  4.4259592e-002
  6.0674513e-002
  6.9605694e-002
  7.2646487e-002
  7.1898470e-002
  6.9502456e-002
  6.7193411e-002
  6.5998416e-002
  6.6146101e-002
  6.7182835e-002
  6.8226527e-002
  6.8258652e-002
  6.6367494e-002
  6.1898863e-002
  5.4520259e-002
  4.4235959e-002
  3.1391618e-002
  1.6682528e-002
  1.1482340e-003
 -1.3881372e-002
 -2.6914945e-002
 -3.6499165e-002
 -4.1447561e-002
 -4.1035276e-002
 -3.5102065e-002
 -2.4037933e-002
 -8.6690308e-003
  9.9053201e-003
  3.0466181e-002
  5.1781033e-002
  7.2659700e-002
  9.1988071e-002
  1.0877641e-001
  1.2224200e-001
  1.3191353e-001
  1.3771662e-001
  1.3999345e-001
  1.3943147e-001
  1.3691495e-001
  1.3334994e-001
  1.2952602e-001
  1.2605849e-001
  1.2341076e-001
  1.2195052e-001
  1.2196994e-001
  1.2361528e-001
  1.2672048e-001
  1.3060156e-001
  1.3391241e-001
  1.3466556e-001
  1.3047510e-001
  1.1900121e-001
  9.8496478e-002
  6.8306188e-002
  2.9178590e-002
 -1.6705548e-002
 -6.5992843e-002
 -1.1463633e-001
 -1.5847451e-001
 -1.9378513e-001
 -2.1771916e-001
 -2.2856950e-001
 -2.2587373e-001
 -2.1037738e-001
 -1.8388987e-001
 -1.4905846e-001
 -1.0907826e-001
 -6.7355981e-002
 -2.7154520e-002
  8.7441199e-003
  3.8314517e-002
  6.0465125e-002
  7.5095616e-002
  8.3031685e-002
  8.5850110e-002
  8.5615276e-002
  8.4552065e-002
  8.4684423e-002
  8.7478294e-002
  9.3540743e-002
  1.0243632e-001
  1.1267683e-001
  1.2191461e-001
  1.2732487e-001
  1.2611162e-001
  1.1603339e-001
  9.5835540e-002
  6.5500803e-002
  2.6281661e-002
 -1.9464135e-002
 -6.8570721e-002
 -1.1741728e-001
 -1.6227799e-001
 -1.9964302e-001
 -2.2651357e-001
 -2.4068147e-001
 -2.4098652e-001
 -2.2751387e-001
 -2.0166968e-001
 -1.6607546e-001
 -1.2425609e-001
 -8.0154404e-002
 -3.7563504e-002
  3.9873642e-004
  3.1655703e-002
  5.5308076e-002
  7.1537394e-002
  8.1337668e-002
  8.6170527e-002
  8.7636744e-002
  8.7224164e-002
  8.6148139e-002
  8.5266643e-002
  8.5041074e-002
  8.5524547e-002
  8.6380086e-002
  8.6945407e-002
  8.6358276e-002
  8.3736929e-002
  7.8384228e-002
  6.9966912e-002
  5.8622926e-002
  4.4971087e-002
  3.0028545e-002
  1.5068090e-002
  1.4575346e-003
 -9.4855559e-003
 -1.6611159e-002
 -1.9032730e-002
 -1.6214697e-002
 -8.0546253e-003
  5.0559669e-003
  2.2223424e-002
  4.2126852e-002
  6.3185683e-002
  8.3795590e-002
  1.0257684e-001
  1.1856591e-001
  1.3129510e-001
  1.4074230e-001
  1.4717938e-001
  1.5098374e-001
  1.5248743e-001
  1.5191864e-001
  1.4944865e-001
  1.4531195e-001
  1.3993549e-001
  1.3400804e-001
  1.2844165e-001
  1.2421644e-001
  1.2214093e-001
  1.2259013e-001
  1.2529395e-001
  1.2923797e-001
  1.3271409e-001
  1.3352559e-001
  1.2931965e-001
  1.1799327e-001
  9.8101818e-002
  6.9194471e-002
  3.2009662e-002
 -1.1512941e-002
 -5.8413488e-002
 -1.0505753e-001
 -1.4758524e-001
 -1.8238587e-001
 -2.0652073e-001
 -2.1803789e-001
 -2.1615051e-001
 -2.0127847e-001
 -1.7497009e-001
 -1.3972489e-001
 -9.8733845e-002
 -5.5550161e-002
 -1.3707799e-002
  2.3679719e-002
  5.4287917e-002
  7.6852000e-002
  9.1278582e-002
  9.8564197e-002
  1.0052943e-001
  9.9423149e-002
  9.7482560e-002
  9.6540012e-002
  9.7745310e-002
  1.0143306e-001
  1.0712494e-001
  1.1363239e-001
  1.1922243e-001
  1.2182419e-001
  1.1927225e-001
  1.0959069e-001
  9.1310943e-002
  6.3790529e-002
  2.7471592e-002
 -1.5994335e-002
 -6.3814812e-002
 -1.1233638e-001
 -1.5749866e-001
 -1.9537640e-001
 -2.2269929e-001
 -2.3724940e-001
 -2.3807569e-001
 -2.2551634e-001
 -2.0106408e-001
 -1.6713072e-001
 -1.2676338e-001
 -8.3343456e-002
 -4.0278405e-002
 -6.8775777e-004
  3.2904909e-002
  5.8840253e-002
  7.6498503e-002
  8.6326993e-002
  8.9688564e-002
  8.8543737e-002
  8.5028960e-002
  8.1028202e-002
  7.7840437e-002
  7.6017458e-002
  7.5394538e-002
  7.5279869e-002
  7.4727823e-002
  7.2809516e-002
  6.8813020e-002
  6.2344165e-002
  5.3339540e-002
  4.2029690e-002
  2.8893917e-002
  1.4630931e-002
  1.4320537e-004
 -1.3488391e-002
 -2.5068350e-002
 -3.3404061e-002
 -3.7467371e-002
 -3.6565536e-002
 -3.0474526e-002
 -1.9493912e-002
 -4.4054471e-003
  1.3652456e-002
  3.3357382e-002
  5.3375804e-002
  7.2497361e-002
  8.9712613e-002
  1.0424026e-001
  1.1552607e-001
  1.2323829e-001
  1.2727422e-001
  1.2777611e-001
  1.2514180e-001
  1.2001214e-001
  1.1322493e-001
  1.0573855e-001
  9.8539222e-002
  9.2547956e-002
  8.8534828e-002
  8.7036114e-002
  8.8262053e-002
  9.1988483e-002
  9.7445140e-002
  1.0323945e-001
  1.0737319e-001
  1.0740608e-001
  1.0078887e-001
  8.5333890e-002
  5.9732691e-002
  2.3990850e-002
 -2.0350169e-002
 -7.0289109e-002
 -1.2174557e-001
 -1.7016588e-001
 -2.1121238e-001
 -2.4137742e-001
 -2.5839764e-001
 -2.6141400e-001
 -2.5090085e-001
 -2.2844267e-001
 -1.9645209e-001
 -1.5789751e-001
 -1.1606140e-001
 -7.4307563e-002
 -3.5819960e-002
 -3.2949784e-003
  2.1387478e-002
  3.7443875e-002
  4.5326725e-002
  4.6650157e-002
  4.3880421e-002
  3.9839733e-002
  3.7130936e-002
  3.7616363e-002
  4.2067764e-002
  5.0053241e-002
  6.0061908e-002
  6.9811179e-002
  7.6651945e-002
  7.7987456e-002
  7.1644190e-002
  5.6162472e-002
  3.0997157e-002
 -3.3721131e-003
 -4.5423575e-002
 -9.2676469e-002
 -1.4188155e-001
 -1.8931549e-001
 -2.3115731e-001
 -2.6390519e-001
 -2.8477866e-001
 -2.9204837e-001
 -2.8524501e-001
 -2.6521599e-001
 -2.3402044e-001
 -1.9467496e-001
 -1.5078303e-001
 -1.0609843e-001
 -6.4084556e-002
 -2.7534612e-002
  1.6910087e-003
  2.2775284e-002
  3.5897937e-002
  4.2057273e-002
  4.2808251e-002
  3.9971476e-002
  3.5359013e-002
  3.0544710e-002
  2.6689134e-002
  2.4420910e-002
  2.3779233e-002
  2.4231070e-002
  2.4780081e-002
  2.4173588e-002
  2.1187284e-002
  1.4933872e-002
  5.1177229e-003
 -7.8413877e-003
 -2.2860088e-002
 -3.8408245e-002
 -5.2823380e-002
 -6.4621360e-002
 -7.2708061e-002
 -7.6441877e-002
 -7.5562405e-002
 -7.0056669e-002
 -6.0054409e-002
 -4.5818071e-002
 -2.7833157e-002
 -6.9397579e-003
  1.5590652e-002
  3.8117162e-002
  5.8856324e-002
  7.6221998e-002
  8.9164560e-002
  9.7381856e-002
  1.0131729e-001
  1.0194353e-001
  1.0041698e-001
  9.7739470e-002
  9.4555860e-002
  9.1152899e-002
  8.7633476e-002
  8.4162532e-002
  8.1150027e-002
  7.9265387e-002
  7.9252855e-002
  8.1604940e-002
  8.6214676e-002
  9.2142174e-002
  9.7594061e-002
  1.0014426e-001
  9.7149899e-002
  8.6263595e-002
  6.5925765e-002
  3.5736391e-002
 -3.3592435e-003
 -4.9096599e-002
 -9.8121246e-002
 -1.4638666e-001
 -1.8966420e-001
 -2.2409123e-001
 -2.4667135e-001
 -2.5564302e-001
 -2.5065300e-001
 -2.3271230e-001
 -2.0396073e-001
 -1.6730871e-001
 -1.2604281e-001
 -8.3469227e-002
 -4.2633697e-002
 -6.1149158e-003
  2.4136896e-002
  4.6941820e-002
  6.2009676e-002
  6.9998064e-002
  7.2449895e-002
  7.1564391e-002
  6.9802801e-002
  6.9393417e-002
  7.1851486e-002
  7.7642327e-002
  8.6080868e-002
  9.5489767e-002
  1.0355987e-001
  1.0780297e-001
  1.0597807e-001
  9.6407369e-002
  7.8157104e-002
  5.1110576e-002
  1.5982750e-002
 -2.5688444e-002
 -7.1576276e-002
 -1.1866191e-001
 -1.6343976e-001
 -2.0225242e-001
 -2.3172655e-001
 -2.4923147e-001
 -2.5325765e-001
 -2.4362535e-001
 -2.2148023e-001
 -1.8909175e-001
 -1.4951660e-001
 -1.0620739e-001
 -6.2633715e-002
 -2.1953225e-002
  1.3256492e-002
  4.1204545e-002
  6.1022957e-002
  7.2808973e-002
  7.7545284e-002
  7.6886285e-002
  7.2833539e-002
  6.7362433e-002
  6.2084613e-002
  5.8023433e-002
  5.5542989e-002
  5.4421021e-002
  5.4014635e-002
  5.3453490e-002
  5.1811161e-002
  4.8239432e-002
  4.2080494e-002
  3.2980180e-002
  2.1006994e-002
  6.7490235e-003
 -8.6634915e-003
 -2.3658411e-002
 -3.6456480e-002
 -4.5396747e-002
 -4.9261531e-002
 -4.7497405e-002
 -4.0261609e-002
 -2.8289870e-002
 -1.2651781e-002
  5.4998190e-003
  2.5088744e-002
  4.5143156e-002
  6.4722929e-002
  8.2832750e-002
  9.8413926e-002
  1.1046316e-001
  1.1825239e-001
  1.2155863e-001
  1.2079069e-001
  1.1693542e-001
  1.1132298e-001
  1.0529311e-001
  9.9891052e-002
  9.5708599e-002
  9.2918807e-002
  9.1461788e-002
  9.1268944e-002
  9.2396345e-002
  9.4983560e-002
  9.9040872e-002
  1.0415540e-001
  1.0925541e-001
  1.1256034e-001
  1.1177864e-001
  1.0452382e-001
  8.8841589e-002
  6.3703833e-002
  2.9339974e-002
 -1.2670571e-002
 -5.9554103e-002
 -1.0769921e-001
 -1.5313510e-001
 -1.9204578e-001
 -2.2124354e-001
 -2.3854057e-001
 -2.4297421e-001
 -2.3485979e-001
 -2.1566956e-001
 -1.8776564e-001
 -1.5404290e-001
 -1.1755400e-001
 -8.1182791e-002
 -4.7406198e-002
 -1.8147377e-002
  5.3063548e-003
  2.2354754e-002
  3.3120176e-002
  3.8449199e-002
  3.9835607e-002
  3.9220244e-002
  3.8657434e-002
  3.9894031e-002
  4.3959566e-002
  5.0886270e-002
  5.9650948e-002
  6.8363768e-002
  7.4649130e-002
  7.6105671e-002
  7.0721191e-002
  5.7156460e-002
  3.4878264e-002
  4.1820140e-003
 -3.3831793e-002
 -7.7284273e-002
 -1.2355553e-001
 -1.6938705e-001
 -2.1111483e-001
 -2.4506224e-001
 -2.6805053e-001
 -2.7791503e-001
 -2.7388275e-001
 -2.5669514e-001
 -2.2843773e-001
 -1.9213479e-001
 -1.5123765e-001
 -1.0914980e-001
 -6.8887716e-002
 -3.2898891e-002
 -2.9893516e-003
  1.9713715e-002
  3.4813216e-002
  4.2697867e-002
  4.4539646e-002
  4.2157322e-002
  3.7710685e-002
  3.3266436e-002
  3.0350020e-002
  2.9627584e-002
  3.0828610e-002
  3.2934198e-002
  3.4556847e-002
  3.4370634e-002
  3.1446192e-002
  2.5402188e-002
  1.6373344e-002
  4.8700978e-003
 -8.3684304e-003
 -2.2456435e-002
 -3.6370994e-002
 -4.8941551e-002
 -5.8892217e-002
 -6.4980336e-002
 -6.6213278e-002
 -6.2068439e-002
 -5.2623227e-002
 -3.8534921e-002
 -2.0878103e-002
 -9.1318176e-004
  2.0113339e-002
  4.1063459e-002
  6.0890821e-002
  7.8575487e-002
  9.3105088e-002
  1.0357083e-001
  1.0937470e-001
  1.1046508e-001
  1.0747732e-001
  1.0167995e-001
  9.4709621e-002
  8.8178199e-002
  8.3301707e-002
  8.0696927e-002
  8.0414273e-002
  8.2162374e-002
  8.5586643e-002
  9.0439575e-002
  9.6539418e-002
  1.0352881e-001
  1.1055950e-001
  1.1608572e-001
  1.1791690e-001
  1.1357394e-001
  1.0086094e-001
  7.8468112e-002
  4.6404484e-002
  6.1251187e-003
 -3.9666692e-002
 -8.7452268e-002
 -1.3341804e-001
 -1.7392842e-001
 -2.0587839e-001
 -2.2692526e-001
 -2.3564088e-001
 -2.3162070e-001
 -2.1554720e-001
 -1.8916514e-001
 -1.5511782e-001
 -1.1662657e-001
 -7.7056792e-002
 -3.9466080e-002
 -6.2449076e-003
  2.1075556e-002
  4.1840645e-002
  5.6169602e-002
  6.4813138e-002
  6.9026216e-002
  7.0454579e-002
  7.0983377e-002
  7.2488324e-002
  7.6476009e-002
  8.3678910e-002
  9.3737725e-002
  1.0511501e-001
  1.1532244e-001
  1.2143059e-001
  1.2071703e-001
  1.1125100e-001
  9.2242884e-002
  6.4089974e-002
  2.8176873e-002
 -1.3424259e-002
 -5.8204168e-002
 -1.0334450e-001
 -1.4576144e-001
 -1.8218441e-001
 -2.0939056e-001
 -2.2463269e-001
 -2.2617261e-001
 -2.1373457e-001
 -1.8868214e-001
 -1.5381200e-001
 -1.1280923e-001
 -6.9546857e-002
 -2.7466989e-002
  1.0777129e-002
  4.3377269e-002
  6.9229944e-002
  8.7779315e-002
  9.8986587e-002
  1.0344444e-001
  1.0251617e-001
  9.8311278e-002
  9.3361650e-002
  9.0016007e-002
  8.9747146e-002
  9.2664866e-002
  9.7482142e-002
  1.0199962e-001
  1.0393684e-001
  1.0176671e-001
  9.5196810e-002
  8.5103138e-002
  7.2985151e-002
  6.0243831e-002
  4.7665655e-002
  3.5377571e-002
  2.3277426e-002
  1.1674814e-002
  1.7438353e-003
 -4.5297606e-003
 -4.9618285e-003
  1.9137536e-003
  1.6077734e-002
  3.5824233e-002
  5.8280725e-002
  8.0441034e-002
  1.0022549e-001
  1.1704399e-001
  1.3157458e-001
  1.4487407e-001
  1.5730481e-001
  1.6789336e-001
  1.7454525e-001
  1.7510080e-001
  1.6874202e-001
  1.5699876e-001
  1.4371035e-001
  1.3375721e-001
  1.3098605e-001
  1.3621778e-001
  1.4630655e-001
  1.5483705e-001
  1.5435164e-001
  1.3929521e-001
  1.0848137e-001
  6.6012606e-002
